1 0 0.000000 0.000000 0 0
100 0 0.000000 0.000000 0 0
200 0 0.000000 0.000000 0 0
300 0 0.000000 0.000000 0 0
400 0 0.000000 0.000000 0 0
500 0 0.000000 0.000000 0 0
600 0 0.000000 0.000000 0 0
700 22 11.750000 0.700000 1 0
800 273 18.621326 0.982972 14 0
900 561 28.343384 0.864193 19 3
1000 843 24.266514 0.905073 34 3
1100 1164 25.829437 0.880871 44 6
1200 1459 28.237347 0.894596 51 6
1300 1476 27.451807 0.887152 53 6
1400 1693 25.216333 0.940097 67 4
1500 1781 24.180090 0.945303 73 4
1600 2220 24.947086 0.950323 89 4
1700 1930 22.357639 0.943991 85 5
1800 1939 24.430363 0.940832 79 5
1900 1728 22.983845 0.948178 75 4
2000 1843 23.946119 0.950131 77 4
2100 1947 22.263342 0.957175 86 4
2200 1768 22.830475 0.948261 78 4
2300 1836 23.337147 0.936536 79 5
2400 1878 21.865953 0.974458 85 2
2500 1984 23.421869 0.958638 85 3
2600 1783 22.077232 0.963583 81 3
2700 1785 21.658031 0.945685 82 4
2800 2000 22.199627 0.969990 89 2
2900 1698 19.661083 0.961245 85 3
3000 1905 22.987999 0.954169 82 4
3100 1792 21.521627 0.953129 83 4
3200 1785 21.710623 0.968480 82 2
3300 1819 21.025610 0.965412 87 3
3400 1662 19.926329 0.969395 83 2
3500 1864 21.537457 0.966380 85 3
3600 1780 21.532169 0.958882 82 3
3700 1663 20.176771 0.960239 82 3
3800 1830 21.436710 0.976505 84 2
3900 1993 22.159904 0.965660 90 3
4000 1844 21.965347 0.961695 84 3
4100 1858 21.057987 0.963983 88 3
4200 1706 20.168964 0.961700 84 3
4300 1720 20.212543 0.961265 84 3
4400 1808 21.135975 0.975370 85 2
4500 1677 19.021515 0.965741 88 3
4600 1649 19.920124 0.978307 82 1
4700 1627 19.828417 0.972269 81 2
4800 1817 20.583117 0.981139 88 1
4900 1820 20.581766 0.968614 88 2
5000 1646 19.565136 0.970722 84 2
5100 1619 19.061481 0.982724 84 1
5200 1709 20.630096 0.980986 82 1
5300 1691 19.847080 0.974563 84 2
5400 1793 20.610321 0.976145 86 2
5500 1653 19.445728 0.969209 85 2
5600 1656 19.727867 0.966802 83 2
5700 1801 21.414764 0.969438 84 2
5800 1816 20.445250 0.982085 88 1
5900 1573 18.957787 0.972473 83 2
6000 1722 20.628029 0.973247 83 2
6100 1782 20.419159 0.981921 87 1
6200 1690 19.390707 0.974538 87 2
6300 1748 19.711880 0.973518 89 2
6400 1543 19.117411 0.976236 80 2
6500 1648 18.764309 0.972244 87 2
6600 1723 19.803595 0.970329 87 2
6700 1700 19.299294 0.976921 88 2
6800 1682 20.440441 0.980450 82 1
6900 1751 20.329540 0.972030 85 2
7000 1846 20.828896 0.967276 88 3
7100 1599 18.395254 0.974861 87 2
7200 1478 18.440020 0.982882 80 1
7300 1686 20.723738 0.978002 81 1
7400 1773 20.298893 0.986420 87 1
7500 1819 20.982121 0.980938 86 1
7600 1745 19.331295 0.969804 89 2
7700 1588 19.203356 0.979890 82 1
7800 1759 20.262556 0.977964 86 2
7900 1575 18.913906 0.964712 82 3
8000 1756 19.978241 0.966457 88 3
8100 1532 18.047565 0.977659 84 1
8200 1671 19.445469 0.980999 85 1
8300 1546 19.340603 0.976446 80 1
8400 1674 20.835674 0.973149 81 2
8500 1722 20.305567 0.980177 85 1
8600 1599 18.883165 0.980843 84 1
8700 1580 18.647472 0.974949 84 2
8800 1642 19.187775 0.978188 85 1
8900 1683 19.173368 0.990363 88 0
9000 1575 18.734943 0.977918 84 1
9100 1646 18.625217 0.976633 87 2
9200 1600 18.391251 0.987986 86 1
9300 1817 20.269775 0.981752 89 1
9400 1711 19.853577 0.980694 85 1
9500 1618 18.358717 0.979223 87 1
9600 1694 18.186304 0.984545 93 1
9700 1705 19.605228 0.974941 86 2
9800 1447 17.120186 0.981508 84 1
9900 1590 18.636427 0.980097 84 1
10000 1627 18.725040 0.981154 86 1
10100 1681 18.909615 0.983407 89 1
10200 1524 19.583019 0.977165 78 1
10300 1633 18.166378 0.982524 89 1
10400 1648 18.123215 0.980964 91 1
10500 1654 18.771545 0.982814 87 1
10600 1698 20.101902 0.979685 84 1
10700 1687 19.468887 0.986368 86 1
10800 1577 18.400150 0.973675 86 2
10900 1693 19.846439 0.981994 85 1
11000 1570 18.766857 0.975325 83 2
11100 1728 19.823463 0.983959 87 1
11200 1691 18.939188 0.988104 89 1
11300 1445 17.047184 0.975721 85 2
11400 1600 18.159130 0.975612 87 2
11500 1667 19.269251 0.975249 86 2
11600 1463 17.128796 0.984416 85 1
11700 1715 19.363544 0.984122 88 1
11800 1633 19.382124 0.980959 84 1
11900 1678 18.569216 0.978180 90 2
12000 1616 18.695688 0.981703 86 1
12100 1734 19.860332 0.974114 87 2
12200 1684 19.296244 0.988976 87 1
12300 1402 17.691191 0.981194 79 1
12400 1613 18.929440 0.977759 84 1
12500 1679 19.621536 0.982179 85 1
12600 1698 19.211380 0.983670 88 1
12700 1541 18.890503 0.980856 81 1
12800 1599 19.128107 0.980486 83 1
12900 1700 19.161877 0.985513 89 1
13000 1679 18.575953 0.982559 90 1
13100 1515 18.703068 0.974022 79 2
13200 1619 19.117031 0.986215 84 1
13300 1511 18.094435 0.980601 83 1
13400 1533 18.110935 0.979314 84 1
13500 1536 18.530907 0.976618 83 2
13600 1711 19.039711 0.989708 90 0
13700 1712 19.928101 0.978626 86 1
13800 1654 18.794392 0.979991 87 1
13900 1575 18.334909 0.988334 86 1
14000 1707 19.182430 0.978050 89 2
14100 1631 18.098484 0.982237 90 1
14200 1607 20.063231 0.977402 80 1
14300 1539 18.252163 0.982392 84 1
14400 1592 19.519873 0.983304 81 1
14500 1502 17.290575 0.985422 87 1
14600 1616 19.858814 0.971851 82 2
14700 1387 17.823568 0.980005 78 1
14800 1552 17.785442 0.988981 87 1
14900 1601 19.311007 0.979257 83 1
15000 1681 20.048244 0.984320 84 1
15100 1534 18.942348 0.974850 81 2
15200 1546 18.442226 0.982619 84 1
15300 1578 18.063765 0.984639 87 1
15400 1579 18.690960 0.986706 84 1
15500 1528 18.374632 0.981205 83 1
15600 1515 19.368774 0.983038 78 1
15700 1634 19.079708 0.979165 85 1
15800 1616 18.473885 0.990648 87 0
15900 1641 19.312628 0.988523 84 1
16000 1616 19.020222 0.979547 84 1
16100 1666 20.682919 0.982572 81 1
16200 1597 18.823236 0.977559 85 1
16300 1558 18.745720 0.977675 83 1
16400 1770 19.658491 0.985438 90 1
16500 1657 19.091686 0.981258 88 1
16600 1554 17.763178 0.984188 88 1
16700 1437 17.204021 0.984282 83 1
16800 1457 17.252537 0.984351 84 1
16900 1627 19.054747 0.982519 86 1
17000 1592 18.783579 0.973029 84 2
17100 1492 17.386501 0.990698 85 0
17200 1474 17.800066 0.984233 82 1
17300 1581 17.947283 0.984809 88 1
17400 1654 19.182871 0.978865 86 1
17500 1638 18.115673 0.985691 90 1
17600 1527 18.161345 0.982473 84 1
17700 1595 19.494362 0.977344 81 2
17800 1483 18.073124 0.984653 81 1
17900 1512 17.333307 0.971218 87 2
18000 1541 17.226166 0.981623 88 1
18100 1568 18.198835 0.989149 85 0
18200 1537 17.594639 0.982002 87 1
18300 1601 18.922085 0.980868 84 1
18400 1421 17.684132 0.977324 80 1
18500 1662 19.597284 0.986842 84 1
18600 1437 17.859085 0.978265 80 1
18700 1677 18.836639 0.982103 89 1
18800 1629 18.928459 0.977399 86 2
18900 1647 18.380974 0.985006 89 1
19000 1538 17.680931 0.983300 86 1
19100 1659 19.002390 0.990850 87 0
19200 1555 18.498037 0.978728 84 1
19300 1632 18.214764 0.984029 89 1
19400 1587 17.481485 0.984274 91 1
19500 1471 17.533884 0.981525 83 1
19600 1578 18.056713 0.983246 87 1
19700 1658 18.446072 0.985142 89 1
19800 1594 19.088163 0.980372 84 1
19900 1473 16.739122 0.981771 87 1
20000 1562 17.801697 0.988860 87 0
20100 1667 18.142525 0.982150 92 1
20200 1585 18.307896 0.981142 86 1
20300 1448 18.051407 0.984908 80 1
20400 1497 18.021648 0.983552 82 1
20500 1507 17.683842 0.989772 84 0
20600 1528 18.003166 0.989113 85 0
20700 1621 19.027334 0.990746 85 0
20800 1414 16.794657 0.980327 84 1
20900 1528 17.933935 0.984171 85 1
21000 1616 19.111898 0.984474 84 1
21100 1628 18.802652 0.982718 86 1
21200 1435 18.505253 0.977464 77 1
21300 1467 17.757343 0.984089 82 1
21400 1492 17.735390 0.986012 84 1
21500 1452 17.208126 0.979596 84 1
21600 1593 18.183981 0.982459 87 1
21700 1568 18.378252 0.987590 85 1
21800 1695 18.662226 0.985016 90 1
21900 1564 18.025846 0.983434 86 1
22000 1574 18.843803 0.984355 84 1
22100 1637 18.461136 0.990475 88 0
22200 1651 18.861938 0.981853 88 1
22300 1489 17.230938 0.990184 86 0
22400 1459 17.162369 0.978487 85 1
22500 1484 17.360918 0.984953 85 1
22600 1578 18.002842 0.977733 88 2
22700 1640 18.225189 0.985493 89 1
22800 1636 18.230778 0.990850 89 0
22900 1454 18.462502 0.990140 79 0
23000 1595 18.901802 0.979983 84 1
23100 1644 18.103968 0.987227 90 1
23200 1539 17.709188 0.977788 86 2
23300 1448 17.543623 0.977628 82 1
23400 1535 17.934126 0.987147 86 1
23500 1471 17.690910 0.985764 83 1
23600 1535 17.746618 0.981409 86 1
23700 1519 17.510197 0.979769 86 1
23800 1541 17.513512 0.989992 88 0
23900 1547 17.634222 0.989912 87 0
24000 1546 17.235348 0.976081 89 2
24100 1736 19.551971 0.978876 88 1
24190 1540 17.587528 0.986988 86 1
