2 0 0.0 0.0 0 0 
100 0 0.0 0.0 0 0 
200 0 0.0 0.0 0 0 
300 0 0.0 0.0 0 0 
400 0 0.0 0.0 0 0 
501 0 0.0 0.0 0 0 
600 0 0.0 0.0 0 0 
700 0 0.0 0.0 0 0 
800 166 20.75 1.0 8 0 
900 369 16.772727272727273 1.0 22 0 
1000 1355 33.048780487804876 1.0 41 0 
1100 1227 28.53488372093023 0.8958333333333334 43 5 
1200 1005 26.44736842105263 0.8260869565217391 38 8 
1300 1784 30.23728813559322 0.921875 59 5 
1400 2382 31.76 0.9615384615384616 75 3 
1500 2200 25.88235294117647 0.9770114942528736 85 2 
1600 2565 26.443298969072163 0.9509803921568627 97 5 
1700 2168 23.311827956989248 0.96875 93 3 
1801 1940 25.194805194805195 0.9746835443037974 77 2 
1900 2300 29.487179487179485 0.9512195121951219 78 4 
2000 2775 30.16304347826087 0.9292929292929293 92 7 
2100 1952 27.11111111111111 0.935064935064935 72 5 
2200 1873 24.973333333333333 0.9868421052631579 75 1 
2300 2568 27.319148936170212 0.9494949494949495 94 5 
2401 2391 27.802325581395348 0.9555555555555556 86 4 
2500 2018 23.46511627906977 0.9662921348314607 86 3 
2600 2406 24.303030303030305 0.9519230769230769 99 5 
2700 1831 23.17721518987342 0.9753086419753086 79 2 
2800 2164 27.39240506329114 0.9404761904761905 79 5 
2900 1670 21.973684210526315 0.987012987012987 76 1 
3000 1943 22.858823529411765 0.9550561797752809 85 4 
3100 2098 22.08421052631579 0.9693877551020408 95 3 
3200 1649 23.557142857142857 0.958904109589041 70 3 
3300 1627 21.407894736842106 0.9743589743589743 76 2 
3400 2013 23.406976744186046 0.9772727272727273 86 2 
3500 2469 26.548387096774192 0.9893617021276596 93 1 
3600 2469 26.548387096774192 0.9893617021276596 93 1 
3700 1685 24.071428571428573 0.9859154929577465 70 1 
3800 2322 25.23913043478261 1.0 92 0 
3900 2139 28.144736842105264 1.0 76 0 
4000 2329 26.46590909090909 0.9565217391304348 88 4 
4100 2284 26.25287356321839 0.9666666666666667 87 3 
4200 2244 26.714285714285715 0.9545454545454546 84 4 
4301 2286 27.214285714285715 0.9655172413793104 84 3 
4400 2403 27.0 0.978021978021978 89 2 
4500 2094 23.01098901098901 0.9891304347826086 91 1 
4600 1746 22.10126582278481 0.9875 79 1 
4700 1852 22.585365853658537 0.9425287356321839 82 5 
4800 2727 28.705263157894738 0.9895833333333334 95 1 
4900 1694 22.89189189189189 0.9866666666666667 74 1 
5000 2438 27.704545454545453 0.9777777777777777 88 2 
5100 2086 23.977011494252874 0.9886363636363636 87 1 
5201 1700 20.987654320987655 0.9878048780487805 81 1 
5300 2654 27.081632653061224 1.0 98 0 
5400 1557 21.04054054054054 0.961038961038961 74 3 
5500 1720 20.476190476190474 0.9655172413793104 84 3 
5600 2187 25.137931034482758 0.9666666666666667 87 3 
5700 2143 24.078651685393258 1.0 89 0 
5801 1973 20.768421052631577 0.9595959595959596 95 4 
5900 2240 27.317073170731707 0.9879518072289156 82 1 
6000 1902 20.67391304347826 1.0 92 0 
6101 2212 24.57777777777778 0.9782608695652174 90 2 
6200 2199 28.558441558441558 0.9625 77 3 
6301 2470 26.0 0.9895833333333334 95 1 
6400 2103 26.620253164556964 0.9753086419753086 79 2 
6500 2021 24.349397590361445 0.9764705882352941 83 2 
6600 2516 31.061728395061728 0.9878048780487805 81 1 
6700 1779 20.448275862068964 0.9666666666666667 87 3 
6800 2134 26.675 0.975609756097561 80 2 
6900 1879 25.053333333333335 0.9615384615384616 75 3 
7000 2151 25.011627906976745 0.9885057471264368 86 1 
7100 1881 18.81 0.9803921568627451 100 2 
7200 2246 29.946666666666665 1.0 75 0 
7300 2115 25.178571428571427 0.9882352941176471 84 1 
7400 2328 26.454545454545453 0.9887640449438202 88 1 
7501 1757 17.747474747474747 0.99 99 1 
7600 1570 20.933333333333334 1.0 75 0 
7700 1645 20.308641975308642 0.9759036144578314 81 2 
7800 2188 27.012345679012345 0.9878048780487805 81 1 
7900 2491 26.78494623655914 0.9587628865979382 93 4 
8000 2177 26.548780487804876 0.9879518072289156 82 1 
8100 1674 23.577464788732396 1.0 71 0 
8201 2018 22.674157303370787 0.978021978021978 89 2 
8300 2183 23.473118279569892 0.9587628865979382 93 4 
8400 1746 21.29268292682927 0.9879518072289156 82 1 
8500 2687 30.191011235955056 0.978021978021978 89 2 
8600 1660 28.620689655172413 0.9666666666666667 58 2 
8700 2392 28.819277108433734 0.9880952380952381 83 1 
8801 2374 24.47422680412371 0.9509803921568627 97 5 
8900 1870 25.616438356164384 0.9605263157894737 73 3 
9001 1947 24.645569620253166 0.9875 79 1 
9100 2534 32.075949367088604 0.9753086419753086 79 2 
9200 1834 22.925 0.963855421686747 80 3 
9300 2317 24.913978494623656 0.9789473684210527 93 2 
9400 1763 22.0375 0.975609756097561 80 2 
9501 2109 28.12 0.9868421052631579 75 1 
9601 2156 23.955555555555556 1.0 90 0 
9700 2103 25.035714285714285 0.9767441860465116 84 2 
9800 2023 29.318840579710145 0.971830985915493 69 2 
9900 1514 21.323943661971832 1.0 71 0 
10000 1497 19.69736842105263 0.9620253164556962 76 3 
10100 2107 26.3375 0.975609756097561 80 2 
10201 2318 26.64367816091954 0.9666666666666667 87 3 
10301 2332 24.80851063829787 0.9791666666666666 94 2 
10400 2184 26.634146341463413 0.9647058823529412 82 3 
10500 2187 28.03846153846154 0.9873417721518988 78 1 
10600 1442 18.487179487179485 1.0 78 0 
10700 1983 23.607142857142858 0.9882352941176471 84 1 
10800 2216 25.471264367816094 0.9775280898876404 87 2 
10900 1743 19.806818181818183 1.0 88 0 
11000 1955 22.21590909090909 1.0 88 0 
11100 1456 18.666666666666668 0.975 78 2 
11200 2622 25.96039603960396 0.9805825242718447 101 2 
11300 1570 19.382716049382715 0.9642857142857143 81 3 
11401 2195 25.823529411764707 0.9883720930232558 85 1 
11500 2037 25.78481012658228 0.9753086419753086 79 2 
11601 1610 24.393939393939394 0.9705882352941176 66 2 
11700 2142 23.032258064516128 0.96875 93 3 
11800 2228 27.170731707317074 0.9761904761904762 82 2 
11900 1843 21.183908045977013 0.9560439560439561 87 4 
12000 2690 27.7319587628866 0.97 97 3 
12101 2289 24.880434782608695 0.9583333333333334 92 4 
12200 1852 23.443037974683545 0.9875 79 1 
12300 1825 23.397435897435898 0.9397590361445783 78 5 
12400 2022 27.698630136986303 0.948051948051948 73 4 
12500 2516 30.682926829268293 0.9761904761904762 82 2 
12600 2200 26.19047619047619 0.9545454545454546 84 4 
12700 2338 27.186046511627907 1.0 86 0 
12800 1815 22.6875 0.963855421686747 80 3 
12900 1749 24.985714285714284 0.9859154929577465 70 1 
13000 1793 22.987179487179485 0.975 78 2 
13100 2051 22.788888888888888 0.989010989010989 90 1 
13200 2131 23.9438202247191 1.0 89 0 
13300 1760 23.783783783783782 0.9367088607594937 74 5 
13400 2056 26.358974358974358 0.9873417721518988 78 1 
13500 1874 24.025641025641026 0.9512195121951219 78 4 
13600 1891 23.6375 0.963855421686747 80 3 
13701 1808 23.789473684210527 0.9620253164556962 76 3 
13800 2245 26.726190476190474 1.0 84 0 
13900 2055 25.6875 0.9523809523809523 80 4 
14000 2003 26.706666666666667 0.9868421052631579 75 1 
14100 2036 24.53012048192771 0.9764705882352941 83 2 
14200 1307 20.746031746031747 0.9402985074626866 63 4 
14300 2549 32.265822784810126 1.0 79 0 
14400 1994 19.359223300970875 0.9903846153846154 103 1 
14500 1662 21.307692307692307 0.975 78 2 
14600 2211 25.125 0.9887640449438202 88 1 
14700 1831 21.541176470588237 1.0 85 0 
14800 2388 26.831460674157302 0.978021978021978 89 2 
14900 1905 24.74025974025974 0.9625 77 3 
15000 2359 24.31958762886598 0.9897959183673469 97 1 
15100 1616 20.98701298701299 0.9506172839506173 77 4 
15200 1597 19.240963855421686 0.9540229885057471 83 4 
15300 1812 22.37037037037037 0.9878048780487805 81 1 
15400 1760 23.466666666666665 0.9868421052631579 75 1 
15500 1940 26.575342465753426 0.9864864864864865 73 1 
15600 2004 24.14457831325301 0.9222222222222223 83 7 
15700 1975 20.36082474226804 1.0 97 0 
15800 1798 22.475 1.0 80 0 
15900 1655 22.98611111111111 0.9473684210526315 72 4 
16001 1967 26.226666666666667 0.974025974025974 75 2 
16100 2112 28.54054054054054 0.9736842105263158 74 2 
16200 1816 22.7 0.963855421686747 80 3 
16300 2444 26.565217391304348 0.9787234042553191 92 2 
16400 2313 27.211764705882352 0.9659090909090909 85 3 
16500 2013 23.137931034482758 0.9886363636363636 87 1 
16600 2010 21.157894736842106 0.979381443298969 95 2 
16700 2428 25.291666666666668 1.0 96 0 
16800 1906 25.413333333333334 0.974025974025974 75 2 
16900 2351 24.74736842105263 0.9693877551020408 95 3 
17000 2075 24.127906976744185 0.9662921348314607 86 3 
17100 2556 26.905263157894737 0.9895833333333334 95 1 
17200 1940 23.950617283950617 1.0 81 0 
17300 1711 23.76388888888889 0.972972972972973 72 2 
17400 3001 29.712871287128714 0.9711538461538461 101 3 
17500 2603 29.579545454545453 0.9887640449438202 88 1 
17601 2126 25.6144578313253 0.9880952380952381 83 1 
17700 1894 25.945205479452056 0.9864864864864865 73 1 
17800 2376 28.285714285714285 0.9882352941176471 84 1 
17900 2279 27.79268292682927 0.9761904761904762 82 2 
18001 2169 24.370786516853933 0.967391304347826 89 3 
18100 1577 21.90277777777778 0.972972972972973 72 2 
18200 1650 20.625 0.963855421686747 80 3 
18300 1565 23.71212121212121 0.9850746268656716 66 1 
18400 2103 26.620253164556964 0.9875 79 1 
18500 1790 22.098765432098766 0.9759036144578314 81 2 
18600 1806 22.575 0.963855421686747 80 3 
18700 1816 25.22222222222222 1.0 72 0 
18800 1587 19.8375 0.9876543209876543 80 1 
18900 1660 19.761904761904763 0.9767441860465116 84 2 
19001 1990 23.97590361445783 0.9880952380952381 83 1 
19101 1753 24.013698630136986 0.9864864864864865 73 1 
19200 2164 24.314606741573034 1.0 89 0 
19300 2248 23.66315789473684 0.9595959595959596 95 4 
19401 2435 26.182795698924732 0.96875 93 3 
19500 2621 27.302083333333332 0.9696969696969697 96 3 
19600 2046 24.951219512195124 1.0 82 0 
19700 2325 28.353658536585368 0.9647058823529412 82 3 
19800 1581 18.821428571428573 0.9882352941176471 84 1 
19901 2846 27.365384615384617 0.9719626168224299 104 3 
20000 1998 25.615384615384617 0.9629629629629629 78 3 
20100 2056 23.632183908045977 0.9560439560439561 87 4 
20201 1768 22.666666666666668 0.9873417721518988 78 1 
20300 1702 20.50602409638554 0.9764705882352941 83 2 
20400 1731 21.109756097560975 0.9761904761904762 82 2 
20500 1858 20.644444444444446 0.9782608695652174 90 2 
20600 2168 25.80952380952381 0.9545454545454546 84 4 
20701 2573 27.967391304347824 0.989247311827957 92 1 
20800 2277 25.584269662921347 0.967391304347826 89 3 
20900 1731 24.041666666666668 0.9863013698630136 72 1 
21000 1828 21.011494252873565 0.9666666666666667 87 3 
21100 1687 21.90909090909091 0.9506172839506173 77 4 
21200 2367 25.180851063829788 0.9591836734693877 94 4 
21300 1947 26.31081081081081 0.9736842105263158 74 2 
21400 2387 25.945652173913043 0.9787234042553191 92 2 
21500 2194 26.433734939759034 0.9764705882352941 83 2 
21600 2123 28.30666666666667 0.974025974025974 75 2 
21700 1797 22.4625 1.0 80 0 
21800 2424 31.894736842105264 0.95 76 4 
21900 2792 27.106796116504853 0.9809523809523809 103 2 
22000 2159 26.65432098765432 0.9759036144578314 81 2 
22101 1613 19.202380952380953 0.9882352941176471 84 1 
22200 1516 20.213333333333335 0.974025974025974 75 2 
22300 2028 27.78082191780822 0.9358974358974359 73 5 
22400 2564 24.18867924528302 0.9724770642201835 106 3 
22500 1813 24.835616438356166 1.0 73 0 
22600 1835 20.852272727272727 0.9361702127659575 88 6 
22700 1940 21.08695652173913 1.0 92 0 
22800 2411 25.378947368421052 0.9595959595959596 95 4 
22900 1475 21.3768115942029 0.9857142857142858 69 1 
23000 1844 23.948051948051948 0.9746835443037974 77 2 
23100 2309 25.097826086956523 0.9484536082474226 92 5 
23200 1978 25.037974683544302 0.9875 79 1 
23300 2489 26.763440860215052 0.9789473684210527 93 2 
23400 2629 29.211111111111112 0.9574468085106383 90 4 
23500 2033 22.58888888888889 0.989010989010989 90 1 
23601 1616 22.136986301369863 0.9358974358974359 73 5 
23700 2110 23.444444444444443 0.989010989010989 90 1 
23800 2060 21.914893617021278 0.9690721649484536 94 3 
23900 2022 24.658536585365855 0.9879518072289156 82 1 
24000 1932 25.09090909090909 0.9746835443037974 77 2 
24100 1793 22.4125 0.963855421686747 80 3 
24200 2275 25.852272727272727 0.9565217391304348 88 4 
24301 2061 21.694736842105264 0.979381443298969 95 2 
24400 1888 25.513513513513512 0.9736842105263158 74 2 
24500 1866 22.214285714285715 0.9545454545454546 84 4 
24600 2183 24.528089887640448 0.967391304347826 89 3 
24700 2134 24.25 0.9565217391304348 88 4 
24800 1721 20.488095238095237 0.9882352941176471 84 1 
24900 1951 23.50602409638554 0.9540229885057471 83 4 
25000 2497 28.701149425287355 0.9666666666666667 87 3 
25100 1958 23.03529411764706 1.0 85 0 
25200 1872 21.272727272727273 1.0 88 0 
25300 2238 27.62962962962963 0.9529411764705882 81 4 
25400 2127 29.95774647887324 1.0 71 0 
25500 1921 22.337209302325583 0.945054945054945 86 5 
25600 1480 21.142857142857142 0.9859154929577465 70 1 
25701 2023 24.670731707317074 0.9425287356321839 82 5 
25800 1962 24.525 0.9876543209876543 80 1 
25900 2001 25.0125 0.975609756097561 80 2 
26000 2048 24.094117647058823 0.9883720930232558 85 1 
26100 1775 20.63953488372093 0.9772727272727273 86 2 
26200 1734 22.23076923076923 0.975 78 2 
26300 1960 23.333333333333332 1.0 84 0 
26400 2039 24.273809523809526 0.9767441860465116 84 2 
26500 2117 26.4625 0.975609756097561 80 2 
26600 1662 21.037974683544302 0.9634146341463414 79 3 
26700 2117 22.52127659574468 0.9494949494949495 94 5 
26800 1911 25.144736842105264 0.9382716049382716 76 5 
26900 1704 26.215384615384615 0.9848484848484849 65 1 
27000 1816 23.584415584415584 1.0 77 0 
27100 1746 18.574468085106382 0.9690721649484536 94 3 
27201 1730 23.066666666666666 0.974025974025974 75 2 
27300 1388 20.71641791044776 0.9305555555555556 67 5 
27400 1520 18.313253012048193 0.9764705882352941 83 2 
27500 2133 26.333333333333332 0.9529411764705882 81 4 
27600 2469 24.445544554455445 0.9901960784313726 101 1 
27700 2037 22.384615384615383 1.0 91 0 
27800 1890 23.625 1.0 80 0 
27900 1303 19.742424242424242 0.9565217391304348 66 3 
28000 2520 26.25 0.96 96 4 
28100 1999 23.51764705882353 0.9770114942528736 85 2 
28200 1443 20.91304347826087 0.9583333333333334 69 3 
28300 2084 23.95402298850575 0.9886363636363636 87 1 
28400 2023 24.670731707317074 1.0 82 0 
28500 2098 27.246753246753247 0.9746835443037974 77 2 
28600 1490 18.395061728395063 0.9642857142857143 81 3 
28700 1690 21.39240506329114 0.9875 79 1 
28800 2715 28.57894736842105 0.9895833333333334 95 1 
28900 2030 23.333333333333332 0.9886363636363636 87 1 
29000 1565 21.438356164383563 0.9864864864864865 73 1 
29100 2000 24.390243902439025 0.9879518072289156 82 1 
29200 2652 27.34020618556701 0.9797979797979798 97 2 
29300 2486 26.731182795698924 0.96875 93 3 
29400 1499 22.37313432835821 0.9571428571428572 67 3 
29500 1930 26.438356164383563 0.9733333333333334 73 2 
29600 2073 25.59259259259259 0.9759036144578314 81 2 
29700 1460 18.71794871794872 1.0 78 0 
29800 2242 27.679012345679013 0.9878048780487805 81 1 
29900 1575 24.609375 0.9846153846153847 64 1 
30000 1391 19.054794520547944 0.9733333333333334 73 2 
