2 0 0.0 0.0 0 0 
100 0 0.0 0.0 0 0 
200 0 0.0 0.0 0 0 
300 0 0.0 0.0 0 0 
401 0 0.0 0.0 0 0 
500 0 0.0 0.0 0 0 
600 0 0.0 0.0 0 0 
700 0 0.0 0.0 0 0 
800 54 9.0 1.0 6 0 
900 478 29.875 0.8888888888888888 16 2 
1000 948 26.333333333333332 0.8780487804878049 36 5 
1100 1217 27.65909090909091 0.8627450980392157 44 7 
1200 1549 29.22641509433962 0.8153846153846154 53 12 
1300 1742 29.52542372881356 0.9076923076923077 59 6 
1400 1402 25.035714285714285 0.875 56 8 
1500 1970 23.734939759036145 0.9764705882352941 83 2 
1600 2869 27.066037735849058 1.0 106 0 
1701 1992 24.29268292682927 0.9761904761904762 82 2 
1800 2640 25.142857142857142 0.9130434782608695 105 10 
1900 1504 23.5 0.9696969696969697 64 2 
2000 2460 28.6046511627907 0.9662921348314607 86 3 
2100 1751 21.617283950617285 0.9642857142857143 81 3 
2200 3289 30.738317757009344 0.981651376146789 107 2 
2300 2192 23.82608695652174 0.9387755102040817 92 6 
2401 1560 21.971830985915492 0.9342105263157895 71 5 
2500 2271 27.695121951219512 0.9761904761904762 82 2 
2600 2322 30.55263157894737 0.987012987012987 76 1 
2700 2261 28.987179487179485 0.9873417721518988 78 1 
2800 2249 26.458823529411763 0.9770114942528736 85 2 
2901 2535 29.476744186046513 0.9662921348314607 86 3 
3000 2324 27.341176470588234 0.9883720930232558 85 1 
3100 1766 22.935064935064936 0.9871794871794872 77 1 
3200 1935 26.875 0.96 72 3 
3300 1853 22.05952380952381 0.9767441860465116 84 2 
3400 1975 24.6875 0.9523809523809523 80 4 
3500 1935 23.597560975609756 0.9761904761904762 82 2 
3600 1856 21.333333333333332 0.9886363636363636 87 1 
3700 2087 22.440860215053764 0.96875 93 3 
3800 1385 18.972602739726028 0.9864864864864865 73 1 
3900 2641 26.948979591836736 0.98 98 2 
4000 1906 23.24390243902439 0.9761904761904762 82 2 
4100 2165 25.470588235294116 0.9883720930232558 85 1 
4200 1411 18.324675324675326 0.9746835443037974 77 2 
4300 2732 29.695652173913043 1.0 92 0 
4400 2427 27.269662921348313 0.967391304347826 89 3 
4500 2084 28.16216216216216 1.0 74 0 
4601 2648 29.752808988764045 0.956989247311828 89 4 
4700 2481 25.060606060606062 0.9801980198019802 99 2 
4800 2058 28.583333333333332 0.9473684210526315 72 4 
4900 1447 17.226190476190474 0.9655172413793104 84 3 
5000 2323 26.397727272727273 0.9887640449438202 88 1 
5100 2107 24.5 0.9662921348314607 86 3 
5200 1617 21.0 0.9871794871794872 77 1 
5301 2543 25.948979591836736 0.98 98 2 
5400 2097 24.67058823529412 0.9659090909090909 85 3 
5500 2288 26.298850574712645 0.9886363636363636 87 1 
5601 1722 22.076923076923077 0.975 78 2 
5700 2020 24.337349397590362 0.9880952380952381 83 1 
5800 2519 24.45631067961165 0.9903846153846154 103 1 
5900 2013 24.85185185185185 0.9418604651162791 81 5 
6000 2439 25.40625 0.9896907216494846 96 1 
6100 2295 25.786516853932586 0.978021978021978 89 2 
6201 2035 25.759493670886076 1.0 79 0 
6300 2019 21.70967741935484 0.9893617021276596 93 1 
6400 2124 22.838709677419356 0.9893617021276596 93 1 
6500 2325 25.0 0.96875 93 3 
6600 2256 27.51219512195122 0.9761904761904762 82 2 
6700 2187 24.573033707865168 0.956989247311828 89 4 
6800 2471 27.455555555555556 0.9375 90 6 
6900 2205 24.775280898876403 0.9888888888888889 89 1 
7000 2144 27.487179487179485 0.9873417721518988 78 1 
7100 2135 21.565656565656564 0.9705882352941176 99 3 
7200 2155 27.27848101265823 0.9634146341463414 79 3 
7300 1913 26.205479452054796 1.0 73 0 
7400 2139 26.7375 0.975609756097561 80 2 
7500 2948 33.5 0.9887640449438202 88 1 
7600 1870 24.933333333333334 0.9615384615384616 75 3 
7700 2295 29.050632911392405 0.9753086419753086 79 2 
7800 2517 24.92079207920792 0.9619047619047619 101 4 
7900 1539 20.52 0.9868421052631579 75 1 
8000 1954 23.261904761904763 0.9655172413793104 84 3 
8100 2614 28.41304347826087 0.968421052631579 92 3 
8200 1682 20.765432098765434 0.9529411764705882 81 4 
8300 2456 25.852631578947367 0.9895833333333334 95 1 
8400 2585 29.04494382022472 0.956989247311828 89 4 
8500 2793 26.102803738317757 0.9907407407407407 107 1 
8600 1579 21.053333333333335 1.0 75 0 
8700 2501 28.74712643678161 0.9354838709677419 87 6 
8800 2078 27.706666666666667 0.974025974025974 75 2 
8900 2132 24.790697674418606 0.9555555555555556 86 4 
9000 2412 29.77777777777778 0.9529411764705882 81 4 
9100 2640 23.571428571428573 0.9911504424778761 112 1 
9200 1547 19.3375 0.9195402298850575 80 7 
9300 2240 27.65432098765432 0.9418604651162791 81 5 
9400 2276 23.957894736842107 0.979381443298969 95 2 
9500 1527 18.621951219512194 0.9761904761904762 82 2 
9600 2699 23.267241379310345 0.9914529914529915 116 1 
9700 1721 21.246913580246915 1.0 81 0 
9800 2227 23.197916666666668 1.0 96 0 
9900 2653 30.848837209302324 0.9347826086956522 86 6 
10000 1595 20.986842105263158 0.987012987012987 76 1 
10100 2045 24.345238095238095 0.9767441860465116 84 2 
10200 2193 27.074074074074073 0.9759036144578314 81 2 
10301 2403 30.807692307692307 0.9397590361445783 78 5 
10400 2112 23.730337078651687 0.978021978021978 89 2 
10500 2088 21.75 0.9696969696969697 96 3 
10600 1999 25.303797468354432 0.9634146341463414 79 3 
10700 2784 30.26086956521739 0.989247311827957 92 1 
10800 1861 27.36764705882353 0.9315068493150684 68 5 
10900 1978 25.68831168831169 0.9871794871794872 77 1 
11000 2208 25.09090909090909 0.9777777777777777 88 2 
11100 2443 26.554347826086957 0.989247311827957 92 1 
11200 2177 26.548780487804876 0.9425287356321839 82 5 
11300 2490 27.36263736263736 0.9680851063829787 91 3 
11400 1498 21.71014492753623 0.9857142857142858 69 1 
11501 2725 27.525252525252526 0.9611650485436893 99 4 
11600 1430 18.571428571428573 0.9746835443037974 77 2 
11700 1840 22.4390243902439 0.9879518072289156 82 1 
11800 1898 22.069767441860463 0.9885057471264368 86 1 
11900 1960 26.486486486486488 0.9866666666666667 74 1 
12000 3195 29.85981308411215 0.9385964912280702 107 7 
12100 2193 23.580645161290324 0.9893617021276596 93 1 
12200 1723 23.602739726027398 0.9864864864864865 73 1 
12301 2698 29.977777777777778 0.989010989010989 90 1 
12401 1692 23.830985915492956 1.0 71 0 
12500 2182 28.337662337662337 0.9871794871794872 77 1 
12600 1863 23.0 0.9759036144578314 81 2 
12700 2977 29.186274509803923 0.9807692307692307 102 2 
12801 2042 21.72340425531915 0.9494949494949495 94 5 
12900 1929 25.051948051948052 0.9871794871794872 77 1 
13000 2452 27.863636363636363 0.9777777777777777 88 2 
13100 1839 24.52 0.9615384615384616 75 3 
13200 1700 22.666666666666668 0.974025974025974 75 2 
13300 2199 24.164835164835164 0.9891304347826086 91 1 
13400 2876 24.372881355932204 0.9915966386554622 118 1 
13500 2316 25.733333333333334 0.9782608695652174 90 2 
13601 2310 26.86046511627907 0.9772727272727273 86 2 
13700 1426 19.013333333333332 0.974025974025974 75 2 
13800 2117 23.01086956521739 0.968421052631579 92 3 
13900 1684 25.907692307692308 0.9848484848484849 65 1 
14000 2049 21.79787234042553 0.9894736842105263 94 1 
14100 2029 23.056818181818183 0.9887640449438202 88 1 
14200 2787 27.058252427184467 0.9626168224299065 103 4 
14301 2284 27.853658536585368 0.9425287356321839 82 5 
14400 2364 29.185185185185187 0.9878048780487805 81 1 
14500 1732 20.61904761904762 0.9767441860465116 84 2 
14600 2421 28.151162790697676 0.9885057471264368 86 1 
14700 2386 27.74418604651163 0.9772727272727273 86 2 
14800 1720 27.741935483870968 0.96875 62 2 
14900 2084 23.95402298850575 0.9775280898876404 87 2 
15000 2230 24.23913043478261 0.9583333333333334 92 4 
15100 1909 25.11842105263158 0.9620253164556962 76 3 
15200 2111 25.13095238095238 0.9655172413793104 84 3 
15300 2521 25.21 0.9900990099009901 100 1 
15400 1918 24.27848101265823 0.9634146341463414 79 3 
15500 2187 27.68354430379747 1.0 79 0 
15600 2030 25.696202531645568 0.9753086419753086 79 2 
15701 2013 23.406976744186046 0.9662921348314607 86 3 
15800 2344 26.337078651685392 0.978021978021978 89 2 
15900 2587 30.797619047619047 0.9655172413793104 84 3 
16000 1913 28.13235294117647 0.9714285714285714 68 2 
16100 1909 19.282828282828284 0.9428571428571428 99 6 
16200 2508 28.179775280898877 0.978021978021978 89 2 
16300 2361 26.233333333333334 0.967741935483871 90 3 
16400 1840 24.210526315789473 0.9620253164556962 76 3 
16500 2520 28.0 1.0 90 0 
16601 1778 20.674418604651162 0.9772727272727273 86 2 
16700 1723 21.271604938271604 0.9878048780487805 81 1 
16800 1924 21.617977528089888 0.9888888888888889 89 1 
16900 2554 28.065934065934066 0.978494623655914 91 2 
17000 1809 21.795180722891565 0.9651162790697675 83 3 
17100 2710 31.149425287356323 0.9775280898876404 87 2 
17200 2079 27.0 1.0 77 0 
17300 1729 23.053333333333335 0.974025974025974 75 2 
17400 2036 22.876404494382022 0.967391304347826 89 3 
17500 2300 26.74418604651163 0.9247311827956989 86 7 
17600 2876 31.26086956521739 0.968421052631579 92 3 
17700 2003 25.0375 0.963855421686747 80 3 
17801 2180 27.59493670886076 0.9634146341463414 79 3 
17901 1986 26.48 0.9615384615384616 75 3 
18000 2236 26.305882352941175 0.9883720930232558 85 1 
18100 2411 25.9247311827957 1.0 93 0 
18200 1988 27.232876712328768 0.9733333333333334 73 2 
18300 1550 18.023255813953487 0.9662921348314607 86 3 
18400 1870 21.49425287356322 0.9775280898876404 87 2 
18501 2135 21.138613861386137 0.9619047619047619 101 4 
18600 2504 29.11627906976744 0.9772727272727273 86 2 
18700 1391 21.075757575757574 0.9850746268656716 66 1 
18800 1968 24.0 0.9647058823529412 82 3 
18901 1551 18.686746987951807 1.0 83 0 
19000 2186 27.325 0.975609756097561 80 2 
19100 2038 24.853658536585368 0.9879518072289156 82 1 
19200 2020 21.72043010752688 0.9893617021276596 93 1 
19300 1659 20.48148148148148 0.9878048780487805 81 1 
19400 1967 21.615384615384617 0.9381443298969072 91 6 
19501 1740 23.513513513513512 0.925 74 6 
19600 2268 24.652173913043477 0.968421052631579 92 3 
19700 1681 21.83116883116883 0.9506172839506173 77 4 
19800 1754 21.925 0.9876543209876543 80 1 
19900 2065 25.8125 0.975609756097561 80 2 
20000 2084 23.415730337078653 0.978021978021978 89 2 
20100 2041 25.19753086419753 0.9642857142857143 81 3 
20200 1860 23.846153846153847 0.975 78 2 
20300 2387 27.75581395348837 0.9885057471264368 86 1 
20401 1853 23.455696202531644 0.9294117647058824 79 6 
20500 2300 25.84269662921348 0.967391304347826 89 3 
20600 2369 25.473118279569892 0.9893617021276596 93 1 
20700 2192 23.82608695652174 0.9484536082474226 92 5 
20800 2730 26.25 1.0 104 0 
20900 2192 27.746835443037973 0.9518072289156626 79 4 
21001 1670 19.647058823529413 0.9770114942528736 85 2 
21100 2029 25.68354430379747 0.9634146341463414 79 3 
21200 2073 23.82758620689655 0.9666666666666667 87 3 
21300 2393 25.45744680851064 0.9591836734693877 94 4 
21400 2578 27.13684210526316 0.9895833333333334 95 1 
21500 1822 22.775 0.975609756097561 80 2 
21600 2342 25.456521739130434 0.989247311827957 92 1 
21700 2183 25.988095238095237 0.9882352941176471 84 1 
21800 2117 23.522222222222222 0.9782608695652174 90 2 
21900 1325 20.384615384615383 0.9285714285714286 65 5 
22000 2550 28.021978021978022 0.978494623655914 91 2 
22100 2244 26.4 0.9659090909090909 85 3 
22200 2354 29.425 0.9876543209876543 80 1 
22300 2199 26.49397590361446 0.9880952380952381 83 1 
22400 2709 28.21875 0.9896907216494846 96 1 
22500 2075 22.802197802197803 0.9891304347826086 91 1 
22601 2537 26.98936170212766 0.9894736842105263 94 1 
22700 3049 34.258426966292134 0.978021978021978 89 2 
22800 2429 28.576470588235296 1.0 85 0 
22900 2759 25.785046728971963 0.9907407407407407 107 1 
23000 2100 26.25 0.9876543209876543 80 1 
23100 2763 27.90909090909091 0.9611650485436893 99 4 
23200 2219 28.818181818181817 0.9625 77 3 
23300 1982 24.170731707317074 0.9879518072289156 82 1 
23401 2323 29.0375 0.963855421686747 80 3 
23500 2601 27.378947368421052 0.9693877551020408 95 3 
23600 2378 32.13513513513514 0.9866666666666667 74 1 
23700 2404 26.417582417582416 0.9680851063829787 91 3 
23801 1896 24.307692307692307 0.9512195121951219 78 4 
23900 2201 26.841463414634145 0.9879518072289156 82 1 
24001 1927 25.355263157894736 0.9620253164556962 76 3 
24100 2211 23.52127659574468 0.9690721649484536 94 3 
24200 2176 27.544303797468356 0.9518072289156626 79 4 
24300 1974 25.307692307692307 0.9512195121951219 78 4 
24400 1777 22.49367088607595 0.9634146341463414 79 3 
24500 2403 25.294736842105262 0.979381443298969 95 2 
24601 1752 20.611764705882354 0.9659090909090909 85 3 
24700 2556 29.379310344827587 1.0 87 0 
24800 1497 23.03076923076923 0.9420289855072463 65 4 
24900 1784 22.582278481012658 0.9634146341463414 79 3 
25000 2038 24.55421686746988 0.9880952380952381 83 1 
25100 2126 27.61038961038961 0.9871794871794872 77 1 
25200 1901 20.89010989010989 1.0 91 0 
25300 2105 26.987179487179485 1.0 78 0 
25400 2185 24.829545454545453 0.9777777777777777 88 2 
25500 2172 27.49367088607595 0.9404761904761905 79 5 
25600 1828 24.7027027027027 1.0 74 0 
25700 1941 23.670731707317074 1.0 82 0 
25800 2618 29.75 0.9777777777777777 88 2 
25900 2378 25.56989247311828 1.0 93 0 
26000 1895 25.60810810810811 0.9487179487179487 74 4 
26100 1849 26.797101449275363 0.9452054794520548 69 4 
26200 2107 27.723684210526315 0.9620253164556962 76 3 
26300 1706 27.516129032258064 0.96875 62 2 
26400 2002 23.833333333333332 0.9655172413793104 84 3 
26500 1466 22.90625 0.9696969696969697 64 2 
26600 2403 25.294736842105262 0.9693877551020408 95 3 
26701 2363 22.721153846153847 0.9811320754716981 104 2 
26800 2062 22.91111111111111 0.9782608695652174 90 2 
26900 2387 30.21518987341772 0.9875 79 1 
27000 1692 19.674418604651162 0.9772727272727273 86 2 
27100 2376 26.696629213483146 0.9888888888888889 89 1 
27200 1585 22.971014492753625 0.9583333333333334 69 3 
27300 1547 22.420289855072465 0.9452054794520548 69 4 
27400 1699 20.97530864197531 0.9529411764705882 81 4 
27501 2080 23.370786516853933 0.978021978021978 89 2 
27600 2366 25.717391304347824 0.9583333333333334 92 4 
27700 2860 28.6 0.970873786407767 100 3 
27800 1865 24.866666666666667 0.9868421052631579 75 1 
27900 2412 28.046511627906977 1.0 86 0 
28000 2266 23.604166666666668 0.9896907216494846 96 1 
28100 2474 24.74 0.9803921568627451 100 2 
28200 2057 30.25 0.9444444444444444 68 4 
28300 2171 21.71 0.9433962264150944 100 6 
28400 2155 30.35211267605634 0.9726027397260274 71 2 
28501 2476 28.136363636363637 0.9887640449438202 88 1 
28600 1992 24.29268292682927 1.0 82 0 
28700 2281 24.010526315789473 0.979381443298969 95 2 
28800 2248 23.914893617021278 0.9791666666666666 94 2 
28901 2132 24.50574712643678 0.9886363636363636 87 1 
29000 1975 27.430555555555557 0.9473684210526315 72 4 
29100 2491 27.07608695652174 0.9787234042553191 92 2 
29200 2503 29.1046511627907 0.9885057471264368 86 1 
29301 1809 21.535714285714285 0.9767441860465116 84 2 
29401 1989 23.4 1.0 85 0 
29500 1845 24.93243243243243 0.9866666666666667 74 1 
29601 2536 26.416666666666668 0.9896907216494846 96 1 
29700 1654 24.686567164179106 0.9852941176470589 67 1 
29800 2298 25.533333333333335 1.0 90 0 
29900 1904 25.386666666666667 0.9868421052631579 75 1 
30000 2125 24.42528735632184 0.9666666666666667 87 3 
