2 0 0.0 0.0 0 0 
100 0 0.0 0.0 0 0 
200 0 0.0 0.0 0 0 
300 0 0.0 0.0 0 0 
400 0 0.0 0.0 0 0 
500 0 0.0 0.0 0 0 
600 0 0.0 0.0 0 0 
700 0 0.0 0.0 0 0 
800 260 32.5 1.0 8 0 
900 426 23.666666666666668 0.9473684210526315 18 1 
1000 1300 38.23529411764706 0.918918918918919 34 3 
1100 1221 27.75 0.8627450980392157 44 7 
1200 903 30.1 0.9090909090909091 30 3 
1300 1355 36.62162162162162 0.8809523809523809 37 5 
1400 1768 29.966101694915253 0.921875 59 5 
1500 2361 29.88607594936709 0.9186046511627907 79 7 
1600 2320 28.641975308641975 0.9204545454545454 81 7 
1700 1689 25.208955223880597 0.9436619718309859 67 4 
1800 1847 24.95945945945946 0.925 74 6 
1901 2063 23.179775280898877 0.9468085106382979 89 5 
2000 2578 29.632183908045977 1.0 87 0 
2101 1881 28.074626865671643 0.9571428571428572 67 3 
2200 1707 23.06756756756757 0.961038961038961 74 3 
2300 2166 28.5 0.9743589743589743 76 2 
2400 1497 19.69736842105263 0.987012987012987 76 1 
2500 2147 25.55952380952381 0.9438202247191011 84 5 
2600 2173 25.86904761904762 0.9655172413793104 84 3 
2700 2186 26.337349397590362 0.9651162790697675 83 3 
2800 1826 23.714285714285715 0.9746835443037974 77 2 
2900 2174 24.704545454545453 0.9777777777777777 88 2 
3000 2636 27.74736842105263 0.95 95 5 
3100 2434 27.348314606741575 1.0 89 0 
3200 2276 29.17948717948718 0.9397590361445783 78 5 
3300 2231 27.20731707317073 0.9425287356321839 82 5 
3400 2070 23.79310344827586 0.9560439560439561 87 4 
3500 2160 24.269662921348313 0.967391304347826 89 3 
3600 1922 27.070422535211268 0.9594594594594594 71 3 
3700 1958 24.475 0.9302325581395349 80 6 
3800 2752 29.591397849462364 0.9587628865979382 93 4 
3900 1975 23.511904761904763 0.9767441860465116 84 2 
4000 1613 21.223684210526315 0.9382716049382716 76 5 
4100 2045 28.40277777777778 0.9473684210526315 72 4 
4201 1968 21.391304347826086 0.968421052631579 92 3 
4300 2206 25.35632183908046 0.9886363636363636 87 1 
4400 2227 25.8953488372093 0.9662921348314607 86 3 
4500 2029 23.32183908045977 0.9456521739130435 87 5 
4600 2292 29.766233766233768 0.9390243902439024 77 5 
4700 2058 22.369565217391305 0.9583333333333334 92 4 
4800 2007 24.180722891566266 0.9540229885057471 83 4 
4900 1929 24.1125 1.0 80 0 
5000 1705 25.073529411764707 0.9315068493150684 68 5 
5100 2681 26.81 0.9615384615384616 100 4 
5200 1908 23.26829268292683 0.9534883720930233 82 4 
5300 1682 20.765432098765434 0.9642857142857143 81 3 
5400 1806 21.759036144578314 0.9651162790697675 83 3 
5500 2042 25.525 0.975609756097561 80 2 
5600 2703 28.15625 0.9795918367346939 96 2 
5700 1795 21.890243902439025 0.9647058823529412 82 3 
5800 2420 29.51219512195122 0.8913043478260869 82 10 
5900 2183 23.22340425531915 0.9591836734693877 94 4 
6000 1982 23.595238095238095 0.9767441860465116 84 2 
6100 2078 25.03614457831325 0.9880952380952381 83 1 
6200 1859 22.397590361445783 0.9651162790697675 83 3 
6300 2214 27.675 0.9523809523809523 80 4 
6400 1991 23.702380952380953 0.9767441860465116 84 2 
6500 2147 26.182926829268293 0.9647058823529412 82 3 
6600 1753 21.641975308641975 0.9418604651162791 81 5 
6700 1987 25.805194805194805 0.9871794871794872 77 1 
6800 2377 26.707865168539325 0.967391304347826 89 3 
6901 1760 22.0 0.9302325581395349 80 6 
7000 1499 22.71212121212121 0.9705882352941176 66 2 
7100 1851 24.038961038961038 0.9746835443037974 77 2 
7200 2017 22.662921348314608 0.978021978021978 89 2 
7300 1736 21.974683544303797 0.9404761904761905 79 5 
7400 1693 23.51388888888889 0.9230769230769231 72 6 
7500 1766 24.52777777777778 0.935064935064935 72 5 
7600 1683 22.44 0.9259259259259259 75 6 
7701 1611 20.92207792207792 0.9506172839506173 77 4 
7800 1961 22.28409090909091 0.9565217391304348 88 4 
7900 1828 24.05263157894737 0.9620253164556962 76 3 
8000 1710 23.75 0.972972972972973 72 2 
8100 2003 23.290697674418606 0.9772727272727273 86 2 
8201 1597 22.814285714285713 0.958904109589041 70 3 
8301 2275 25.0 0.978494623655914 91 2 
8400 1976 20.8 0.9693877551020408 95 3 
8500 1556 19.45 0.975609756097561 80 2 
8601 1962 23.08235294117647 0.9340659340659341 85 6 
8700 1400 18.91891891891892 0.9024390243902439 74 8 
8800 2418 26.571428571428573 0.9680851063829787 91 3 
8900 1850 24.666666666666668 0.9493670886075949 75 4 
9000 2117 27.855263157894736 0.987012987012987 76 1 
9100 2385 29.444444444444443 0.9529411764705882 81 4 
9200 1513 20.445945945945947 0.9367088607594937 74 5 
9300 1908 26.136986301369863 0.9125 73 7 
9400 2621 31.202380952380953 0.9545454545454546 84 4 
9500 2047 26.243589743589745 0.9512195121951219 78 4 
9600 2408 28.32941176470588 0.9444444444444444 85 5 
9700 1704 20.78048780487805 0.9647058823529412 82 3 
9800 1748 25.333333333333332 0.9324324324324325 69 5 
9900 1628 21.42105263157895 0.9382716049382716 76 5 
10000 2461 27.651685393258425 0.967391304347826 89 3 
10100 1881 25.767123287671232 0.9240506329113924 73 6 
10200 2072 24.666666666666668 0.9655172413793104 84 3 
10300 2806 30.835164835164836 0.978494623655914 91 2 
10400 1632 22.356164383561644 0.9733333333333334 73 2 
10500 2186 26.023809523809526 0.9545454545454546 84 4 
10600 1696 19.72093023255814 0.945054945054945 86 5 
10700 1744 26.83076923076923 0.9285714285714286 65 5 
10800 2025 22.5 0.967741935483871 90 3 
10900 1935 23.313253012048193 0.9651162790697675 83 3 
11000 1593 22.43661971830986 0.9594594594594594 71 3 
11100 1612 23.36231884057971 0.971830985915493 69 2 
11200 2319 26.352272727272727 0.9565217391304348 88 4 
11300 2236 25.701149425287355 0.9775280898876404 87 2 
11400 1568 20.906666666666666 0.9493670886075949 75 4 
11500 1980 25.714285714285715 0.9871794871794872 77 1 
11600 1290 17.43243243243243 0.9367088607594937 74 5 
11700 2222 26.771084337349397 0.9651162790697675 83 3 
11801 2631 26.575757575757574 0.9339622641509434 99 7 
11901 1975 25.649350649350648 0.9625 77 3 
12000 2387 26.23076923076923 0.9680851063829787 91 3 
12101 3218 30.942307692307693 0.9541284403669725 104 5 
12200 1658 22.71232876712329 0.948051948051948 73 4 
12300 1866 25.216216216216218 0.9487179487179487 74 4 
12401 2352 27.348837209302324 0.9662921348314607 86 3 
12500 1498 22.35820895522388 0.9571428571428572 67 3 
12600 2154 25.951807228915662 0.9651162790697675 83 3 
12700 2463 27.988636363636363 0.9887640449438202 88 1 
12800 1880 26.857142857142858 0.958904109589041 70 3 
12900 2058 25.097560975609756 0.9425287356321839 82 5 
13000 2184 26.634146341463413 0.9647058823529412 82 3 
13100 1893 27.434782608695652 0.9324324324324325 69 5 
13200 2102 26.94871794871795 0.9285714285714286 78 6 
13300 1620 19.285714285714285 0.9767441860465116 84 2 
13400 2290 26.32183908045977 0.9354838709677419 87 6 
13500 1598 22.82857142857143 0.9859154929577465 70 1 
13600 1464 19.52 0.9615384615384616 75 3 
13700 1800 25.714285714285715 0.958904109589041 70 3 
13800 2476 25.26530612244898 0.9702970297029703 98 3 
13900 2018 24.313253012048193 0.9651162790697675 83 3 
14000 1546 22.085714285714285 0.958904109589041 70 3 
14100 1396 17.234567901234566 0.9529411764705882 81 4 
14200 1890 24.86842105263158 0.9620253164556962 76 3 
14301 1955 21.72222222222222 0.9375 90 6 
14400 1993 24.604938271604937 0.9759036144578314 81 2 
14500 2191 26.71951219512195 0.9761904761904762 82 2 
14600 1677 25.029850746268657 0.9710144927536232 67 2 
14700 1861 24.16883116883117 0.9625 77 3 
14800 2366 25.440860215053764 0.9587628865979382 93 4 
14900 2211 25.125 0.9565217391304348 88 4 
15000 2035 24.817073170731707 0.9761904761904762 82 2 
15100 2099 21.864583333333332 0.9504950495049505 96 5 
15201 2766 29.741935483870968 0.9489795918367347 93 5 
15301 1932 23.27710843373494 0.9651162790697675 83 3 
15400 1872 22.023529411764706 0.9550561797752809 85 4 
15500 2260 27.5609756097561 0.9647058823529412 82 3 
15600 2247 27.072289156626507 0.9431818181818182 83 5 
15700 1638 22.438356164383563 0.9125 73 7 
15800 2576 28.0 0.9787234042553191 92 2 
15900 1878 26.82857142857143 0.9859154929577465 70 1 
16000 2627 29.51685393258427 0.9368421052631579 89 6 
16100 2634 30.627906976744185 0.945054945054945 86 5 
16200 1986 23.36470588235294 0.9659090909090909 85 3 
16300 2322 26.089887640449437 0.978021978021978 89 2 
16400 2161 22.278350515463917 0.9509803921568627 97 5 
16500 1540 25.666666666666668 0.9375 60 4 
16600 2548 31.45679012345679 0.9529411764705882 81 4 
16700 1818 23.0126582278481 0.9634146341463414 79 3 
16800 1719 22.03846153846154 0.9629629629629629 78 3 
16900 1904 21.155555555555555 0.967741935483871 90 3 
17001 2136 24.551724137931036 0.9456521739130435 87 5 
17100 1582 19.775 0.963855421686747 80 3 
17200 2048 30.11764705882353 0.9315068493150684 68 5 
17300 1788 22.074074074074073 0.9418604651162791 81 5 
17400 1889 23.6125 0.963855421686747 80 3 
17500 2222 24.96629213483146 0.9270833333333334 89 7 
17600 2081 25.378048780487806 0.9647058823529412 82 3 
17700 1848 25.315068493150687 0.9358974358974359 73 5 
17800 1813 25.180555555555557 1.0 72 0 
17900 1856 24.42105263157895 0.987012987012987 76 1 
18000 2096 26.871794871794872 0.9629629629629629 78 3 
18101 1545 17.556818181818183 0.967032967032967 88 3 
18200 2066 29.942028985507246 0.9857142857142858 69 1 
18300 2403 30.417721518987342 0.9634146341463414 79 3 
18400 2650 27.604166666666668 0.9504950495049505 96 5 
18500 2355 25.87912087912088 0.9479166666666666 91 5 
18600 1876 21.813953488372093 0.9772727272727273 86 2 
18700 1891 22.783132530120483 0.9651162790697675 83 3 
18800 2057 26.037974683544302 0.9634146341463414 79 3 
18900 1534 20.453333333333333 0.9615384615384616 75 3 
19000 1614 21.52 0.9375 75 5 
19100 2002 23.833333333333332 0.9545454545454546 84 4 
19201 2217 27.7125 0.9523809523809523 80 4 
19300 2698 27.814432989690722 0.97 97 3 
19400 1761 22.0125 0.9411764705882353 80 5 
19500 1659 20.48148148148148 0.9878048780487805 81 1 
19600 2209 26.6144578313253 0.9540229885057471 83 4 
19700 2319 29.354430379746834 0.9634146341463414 79 3 
19800 1544 24.903225806451612 0.9253731343283582 62 5 
19900 1638 22.438356164383563 0.948051948051948 73 4 
20001 2672 30.02247191011236 0.967391304347826 89 3 
20100 2750 31.60919540229885 0.9775280898876404 87 2 
20200 2044 21.51578947368421 0.979381443298969 95 2 
20300 2132 26.65 0.9523809523809523 80 4 
20400 2702 27.855670103092784 0.97 97 3 
20500 1858 27.73134328358209 0.9305555555555556 67 5 
20600 2385 31.38157894736842 0.9743589743589743 76 2 
20700 1596 24.181818181818183 0.9705882352941176 66 2 
20800 2198 25.558139534883722 0.9772727272727273 86 2 
20900 2146 26.493827160493826 0.9759036144578314 81 2 
21000 2648 29.0989010989011 0.9578947368421052 91 4 
21100 1829 23.44871794871795 0.9512195121951219 78 4 
21200 2605 25.792079207920793 1.0 101 0 
21300 2460 27.954545454545453 0.9565217391304348 88 4 
21400 2234 24.822222222222223 0.989010989010989 90 1 
21500 1807 24.753424657534246 0.9605263157894737 73 3 
21600 2131 29.19178082191781 0.9240506329113924 73 6 
21700 2008 24.790123456790123 0.9529411764705882 81 4 
21800 1436 23.161290322580644 0.8985507246376812 62 7 
21900 2457 27.920454545454547 0.946236559139785 88 5 
22000 1697 22.626666666666665 0.974025974025974 75 2 
22100 2374 25.526881720430108 0.96875 93 3 
22200 1493 21.63768115942029 0.9583333333333334 69 3 
22300 1651 23.92753623188406 0.92 69 6 
22401 2189 27.3625 0.9523809523809523 80 4 
22500 2376 27.0 0.9565217391304348 88 4 
22600 1976 25.333333333333332 0.9873417721518988 78 1 
22700 1856 19.956989247311828 0.9789473684210527 93 2 
22800 1934 25.116883116883116 0.9506172839506173 77 4 
22900 1665 20.304878048780488 0.9647058823529412 82 3 
23000 1774 22.175 0.9876543209876543 80 1 
23100 2158 26.641975308641975 0.9642857142857143 81 3 
23200 2159 25.4 0.9239130434782609 85 7 
23301 1895 23.395061728395063 0.9204545454545454 81 7 
23400 2361 26.528089887640448 0.9468085106382979 89 5 
23500 2265 26.03448275862069 0.9666666666666667 87 3 
23600 2130 21.73469387755102 0.98 98 2 
23701 1521 18.548780487804876 0.9879518072289156 82 1 
23800 2595 29.15730337078652 0.967391304347826 89 3 
23900 2283 24.548387096774192 1.0 93 0 
24000 2163 27.73076923076923 0.9629629629629629 78 3 
24100 1684 21.05 0.9523809523809523 80 4 
24200 2349 25.813186813186814 0.9479166666666666 91 5 
24300 1650 24.264705882352942 0.8947368421052632 68 8 
24400 1546 20.613333333333333 0.9868421052631579 75 1 
24500 1695 23.541666666666668 0.935064935064935 72 5 
24600 2130 25.975609756097562 0.9761904761904762 82 2 
24700 2436 30.835443037974684 0.9404761904761905 79 5 
24800 1907 23.25609756097561 0.9534883720930233 82 4 
24900 1705 20.542168674698797 0.9431818181818182 83 5 
25000 1953 24.72151898734177 0.9518072289156626 79 4 
25100 1823 23.675324675324674 0.9625 77 3 
25201 2131 22.197916666666668 0.9795918367346939 96 2 
25300 1946 24.325 0.9523809523809523 80 4 
25400 2484 30.29268292682927 0.9213483146067416 82 7 
25500 1852 19.09278350515464 0.9509803921568627 97 5 
25600 2140 26.097560975609756 0.9534883720930233 82 4 
25700 2258 26.25581395348837 0.9555555555555556 86 4 
25800 1700 22.36842105263158 0.9620253164556962 76 3 
25900 2591 29.7816091954023 0.9157894736842105 87 8 
26000 2489 27.35164835164835 0.9891304347826086 91 1 
26100 2170 26.14457831325301 0.9880952380952381 83 1 
26200 2578 30.69047619047619 0.9655172413793104 84 3 
26300 1889 22.759036144578314 0.9540229885057471 83 4 
26400 2022 21.97826086956522 0.9787234042553191 92 2 
26500 2000 23.25581395348837 0.9662921348314607 86 3 
26600 1801 25.366197183098592 0.9726027397260274 71 2 
26700 2353 28.349397590361445 0.9540229885057471 83 4 
26800 1542 19.037037037037038 0.9759036144578314 81 2 
26900 1801 21.44047619047619 0.9767441860465116 84 2 
27000 1923 24.0375 0.963855421686747 80 3 
27100 1845 25.273972602739725 0.9358974358974359 73 5 
27201 1822 24.293333333333333 0.9146341463414634 75 7 
27300 1869 24.592105263157894 0.987012987012987 76 1 
27400 2121 23.566666666666666 0.989010989010989 90 1 
27500 1907 21.670454545454547 0.9887640449438202 88 1 
27600 1998 23.232558139534884 0.9662921348314607 86 3 
27700 1955 22.732558139534884 0.945054945054945 86 5 
27800 2098 23.054945054945055 0.9891304347826086 91 1 
27900 2342 24.144329896907216 0.97 97 3 
28001 2675 31.470588235294116 0.9883720930232558 85 1 
28100 2355 25.597826086956523 0.9292929292929293 92 7 
28200 1846 22.790123456790123 0.9204545454545454 81 7 
28300 2285 27.53012048192771 0.9431818181818182 83 5 
28400 1979 23.843373493975903 0.9651162790697675 83 3 
28500 1874 23.135802469135804 0.9759036144578314 81 2 
28600 2074 23.303370786516854 0.978021978021978 89 2 
28700 1396 18.12987012987013 0.9746835443037974 77 2 
28800 2566 24.673076923076923 0.9904761904761905 104 1 
28900 1744 23.89041095890411 0.9358974358974359 73 5 
29000 1914 23.341463414634145 0.9318181818181818 82 6 
29100 1586 23.671641791044777 0.9710144927536232 67 2 
29200 2248 28.1 0.9302325581395349 80 6 
29300 1905 24.11392405063291 0.9634146341463414 79 3 
29400 1718 21.209876543209877 0.9642857142857143 81 3 
29500 1625 17.473118279569892 0.9587628865979382 93 4 
29600 2320 27.294117647058822 0.9659090909090909 85 3 
29701 2063 24.270588235294117 0.9550561797752809 85 4 
29800 1632 26.75409836065574 0.953125 61 3 
29900 1760 18.526315789473685 0.979381443298969 95 2 
30000 1900 24.050632911392405 0.9518072289156626 79 4 
