1 0 0.0 0.0 0 0 
100 0 0.0 0.0 0 0 
200 0 0.0 0.0 0 0 
300 0 0.0 0.0 0 0 
400 0 0.0 0.0 0 0 
501 0 0.0 0.0 0 0 
600 0 0.0 0.0 0 0 
700 46 23.0 1.0 2 0 
800 132 16.5 1.0 8 0 
900 666 27.75 0.8275862068965517 24 5 
1000 1026 27.0 0.8837209302325582 38 5 
1100 1186 24.708333333333332 0.9056603773584906 48 5 
1200 1183 26.288888888888888 0.9183673469387755 45 4 
1300 1458 30.375 0.9230769230769231 48 4 
1400 1972 29.87878787878788 0.9705882352941176 66 2 
1500 1789 21.04705882352941 0.9550561797752809 85 4 
1601 2533 27.236559139784948 0.9489795918367347 93 5 
1701 2201 24.455555555555556 0.9 90 10 
1800 1474 20.19178082191781 0.8795180722891566 73 10 
1900 1963 23.094117647058823 0.9444444444444444 85 5 
2000 2090 24.88095238095238 0.9655172413793104 84 3 
2100 2014 21.2 0.9313725490196079 95 7 
2200 3086 30.554455445544555 0.9181818181818182 101 9 
2300 1620 22.5 0.9230769230769231 72 6 
2400 1616 19.70731707317073 0.9534883720930233 82 4 
2500 2172 28.207792207792206 0.9625 77 3 
2600 2144 21.877551020408163 0.98989898989899 98 1 
2700 1725 18.548387096774192 0.9893617021276596 93 1 
2800 2001 23.541176470588237 0.9883720930232558 85 1 
2900 2206 24.786516853932586 1.0 89 0 
3000 2006 22.043956043956044 0.978494623655914 91 2 
3100 2024 21.305263157894736 0.9595959595959596 95 4 
3200 1925 19.25 0.9615384615384616 100 4 
3300 2116 24.045454545454547 0.9777777777777777 88 2 
3433 3134 24.107692307692307 0.9558823529411765 130 6 
3500 1941 27.728571428571428 0.9090909090909091 70 7 
3600 2131 27.675324675324674 0.8850574712643678 77 10 
3700 1954 19.93877551020408 0.9702970297029703 98 3 
3800 1520 18.095238095238095 0.9767441860465116 84 2 
3900 1973 21.92222222222222 0.9574468085106383 90 4 
4001 1724 20.523809523809526 0.9767441860465116 84 2 
4100 2584 27.2 0.9595959595959596 95 4 
4200 2692 23.00854700854701 1.0 117 0 
4301 2124 20.423076923076923 0.9719626168224299 104 3 
4400 2092 20.92 0.970873786407767 100 3 
4500 1418 18.657894736842106 0.9620253164556962 76 3 
4600 2021 21.273684210526316 0.9895833333333334 95 1 
4700 2400 22.01834862385321 0.9732142857142857 109 3 
4800 1853 25.04054054054054 0.9866666666666667 74 1 
4900 1594 20.7012987012987 0.9871794871794872 77 1 
5000 2091 26.1375 0.8791208791208791 80 11 
5100 1880 22.650602409638555 0.9651162790697675 83 3 
5200 1688 21.367088607594937 0.9294117647058824 79 6 
5300 1884 20.258064516129032 0.9587628865979382 93 4 
5401 1788 23.22077922077922 0.9871794871794872 77 1 
5500 2668 24.477064220183486 0.9646017699115044 109 4 
5601 2003 26.01298701298701 0.9506172839506173 77 4 
5700 1508 18.390243902439025 0.9647058823529412 82 3 
5800 2148 23.096774193548388 0.9789473684210527 93 2 
5900 1914 22.25581395348837 1.0 86 0 
6000 1413 19.356164383561644 0.948051948051948 73 4 
6100 1324 17.194805194805195 0.9871794871794872 77 1 
6200 1516 18.95 0.963855421686747 80 3 
6300 1789 20.10112359550562 0.978021978021978 89 2 
6400 2037 25.14814814814815 0.9642857142857143 81 3 
6500 1795 16.933962264150942 0.9906542056074766 106 1 
6600 1317 15.494117647058824 0.9883720930232558 85 1 
6701 1800 20.454545454545453 0.9887640449438202 88 1 
6800 1930 24.125 0.975609756097561 80 2 
6900 1491 19.115384615384617 1.0 78 0 
7000 1884 18.653465346534652 0.9805825242718447 101 2 
7100 1663 20.03614457831325 0.9880952380952381 83 1 
7200 2119 20.980198019801982 0.9901960784313726 101 1 
7300 2013 22.366666666666667 0.9782608695652174 90 2 
7400 1770 21.071428571428573 0.9882352941176471 84 1 
7501 2008 20.489795918367346 0.98989898989899 98 1 
7600 1811 17.08490566037736 1.0 106 0 
7700 1241 16.32894736842105 0.9743589743589743 76 2 
7800 1874 21.54022988505747 0.9886363636363636 87 1 
7900 1423 18.243589743589745 0.9873417721518988 78 1 
8000 1809 22.6125 0.9876543209876543 80 1 
8100 1802 19.802197802197803 0.9680851063829787 91 3 
8200 2075 22.554347826086957 1.0 92 0 
8301 1612 18.74418604651163 0.9772727272727273 86 2 
8400 1838 19.347368421052632 0.9895833333333334 95 1 
8500 1327 18.957142857142856 0.9859154929577465 70 1 
8600 1345 17.69736842105263 0.987012987012987 76 1 
8701 1571 19.158536585365855 1.0 82 0 
8800 2119 21.404040404040405 0.9801980198019802 99 2 
8900 1580 17.555555555555557 0.989010989010989 90 1 
9000 2292 21.22222222222222 0.972972972972973 108 3 
9100 2014 22.13186813186813 1.0 91 0 
9200 1516 17.227272727272727 0.9887640449438202 88 1 
9300 1303 18.35211267605634 0.9861111111111112 71 1 
9400 1954 20.144329896907216 0.9897959183673469 97 1 
9500 1941 21.566666666666666 0.9782608695652174 90 2 
9600 1712 16.95049504950495 0.9805825242718447 101 2 
9700 2027 20.06930693069307 0.9805825242718447 101 2 
9800 1665 17.903225806451612 0.96875 93 3 
9900 1764 20.045454545454547 0.9777777777777777 88 2 
10000 2314 25.428571428571427 1.0 91 0 
10100 2029 19.141509433962263 0.9814814814814815 106 2 
10200 2186 23.010526315789473 0.9895833333333334 95 1 
10300 2472 22.27027027027027 0.9736842105263158 111 3 
10400 1933 20.78494623655914 0.9893617021276596 93 1 
10500 1779 20.21590909090909 0.9887640449438202 88 1 
10601 1879 22.914634146341463 0.9647058823529412 82 3 
10700 1754 20.160919540229884 0.9456521739130435 87 5 
10800 2267 23.86315789473684 0.9895833333333334 95 1 
10900 1679 19.75294117647059 0.9659090909090909 85 3 
11000 1557 19.96153846153846 0.975 78 2 
11100 1368 19.82608695652174 0.9857142857142858 69 1 
11200 1751 20.845238095238095 0.9882352941176471 84 1 
11300 1828 19.4468085106383 0.9791666666666666 94 2 
11400 1665 20.555555555555557 0.9878048780487805 81 1 
11501 2374 22.60952380952381 0.9813084112149533 105 2 
11601 1536 17.86046511627907 0.9885057471264368 86 1 
11700 1576 19.949367088607595 0.9634146341463414 79 3 
11800 2470 26.559139784946236 0.9893617021276596 93 1 
11900 1594 16.95744680851064 0.9894736842105263 94 1 
12000 1873 19.71578947368421 0.9895833333333334 95 1 
12100 1540 16.559139784946236 0.9789473684210527 93 2 
12200 1687 20.573170731707318 0.9879518072289156 82 1 
12300 2515 25.663265306122447 0.9702970297029703 98 3 
12400 1750 18.42105263157895 0.9895833333333334 95 1 
12500 1774 19.93258426966292 0.9468085106382979 89 5 
12601 2765 24.469026548672566 0.9912280701754386 113 1 
12701 1723 19.804597701149426 0.9666666666666667 87 3 
12800 1682 19.113636363636363 0.9887640449438202 88 1 
12900 1973 20.768421052631577 0.9693877551020408 95 3 
13000 2105 21.927083333333332 0.9795918367346939 96 2 
13100 2368 24.163265306122447 1.0 98 0 
13200 2024 19.276190476190475 0.9813084112149533 105 2 
13300 1779 17.79 0.9900990099009901 100 1 
13400 1947 21.16304347826087 0.9583333333333334 92 4 
13500 1769 19.439560439560438 0.9680851063829787 91 3 
13600 2322 27.31764705882353 0.9659090909090909 85 3 
13700 1922 19.22 0.9900990099009901 100 1 
13800 2266 20.788990825688074 0.990909090909091 109 1 
13900 1908 21.93103448275862 0.9886363636363636 87 1 
14000 2043 20.43 1.0 100 0 
14100 2361 21.463636363636365 0.990990990990991 110 1 
14200 2099 23.584269662921347 0.967391304347826 89 3 
14301 2051 21.819148936170212 1.0 94 0 
14400 1678 17.479166666666668 1.0 96 0 
14500 1636 20.45 1.0 80 0 
14600 1934 19.938144329896907 0.97 97 3 
14700 1281 18.83823529411765 0.9714285714285714 68 2 
14800 1634 20.94871794871795 0.9873417721518988 78 1 
14900 2020 21.72043010752688 1.0 93 0 
15000 1438 18.92105263157895 0.9743589743589743 76 2 
15100 2372 25.23404255319149 0.9894736842105263 94 1 
15200 1409 17.395061728395063 0.9759036144578314 81 2 
15300 1760 20.46511627906977 0.9772727272727273 86 2 
15400 1883 19.821052631578947 0.9895833333333334 95 1 
15500 1341 17.88 0.9493670886075949 75 4 
15600 1506 16.02127659574468 0.9791666666666666 94 2 
15700 1869 17.305555555555557 1.0 108 0 
15800 1300 17.80821917808219 0.9733333333333334 73 2 
15900 1768 19.010752688172044 0.9893617021276596 93 1 
16000 1967 19.284313725490197 1.0 102 0 
16100 2118 21.393939393939394 0.99 99 1 
16200 1774 19.0752688172043 0.9893617021276596 93 1 
16300 2056 20.767676767676768 1.0 99 0 
16400 2241 22.636363636363637 0.99 99 1 
16500 2560 26.94736842105263 0.9895833333333334 95 1 
16600 1981 21.76923076923077 0.978494623655914 91 2 
16700 1736 22.842105263157894 0.9743589743589743 76 2 
16800 1181 14.949367088607595 1.0 79 0 
16900 2146 20.245283018867923 0.9906542056074766 106 1 
17000 1292 16.354430379746834 0.9753086419753086 79 2 
17100 1762 18.946236559139784 0.9893617021276596 93 1 
17200 1538 18.30952380952381 0.9767441860465116 84 2 
17300 1593 21.527027027027028 1.0 74 0 
17401 1717 23.2027027027027 0.9866666666666667 74 1 
17500 1770 19.45054945054945 0.9891304347826086 91 1 
17600 2190 21.9 0.9803921568627451 100 2 
17701 1948 21.406593406593405 1.0 91 0 
17800 1614 16.989473684210527 1.0 95 0 
17900 1752 19.685393258426966 0.9888888888888889 89 1 
18000 1804 20.5 0.9887640449438202 88 1 
18100 1566 16.48421052631579 0.9595959595959596 95 4 
18200 1453 17.094117647058823 0.9770114942528736 85 2 
18300 1666 17.913978494623656 0.9893617021276596 93 1 
18400 2257 23.510416666666668 0.9896907216494846 96 1 
18500 2394 25.2 1.0 95 0 
18600 1578 15.93939393939394 0.99 99 1 
18700 2075 25.0 0.9764705882352941 83 2 
18800 1683 24.391304347826086 0.9857142857142858 69 1 
18900 1791 20.586206896551722 0.9666666666666667 87 3 
19000 2141 20.78640776699029 0.9716981132075472 103 3 
19100 2103 24.741176470588236 0.9550561797752809 85 4 
19200 1597 18.569767441860463 0.9772727272727273 86 2 
19300 2277 23.71875 0.9896907216494846 96 1 
19400 1496 19.68421052631579 0.9382716049382716 76 5 
19501 1510 18.19277108433735 1.0 83 0 
19600 2021 24.646341463414632 0.9647058823529412 82 3 
19700 1260 15.555555555555555 0.9759036144578314 81 2 
19800 1933 19.525252525252526 0.9801980198019802 99 2 
19900 1962 19.425742574257427 0.9805825242718447 101 2 
20000 1740 16.73076923076923 0.9904761904761905 104 1 
20101 2035 22.119565217391305 1.0 92 0 
20200 1863 19.819148936170212 0.9791666666666666 94 2 
20300 1901 19.01 0.9900990099009901 100 1 
20400 1608 18.697674418604652 0.9772727272727273 86 2 
20500 2001 24.402439024390244 0.9534883720930233 82 4 
20600 2093 23.78409090909091 0.9777777777777777 88 2 
20700 2104 20.038095238095238 0.9905660377358491 105 1 
20800 1925 19.84536082474227 0.97 97 3 
20900 2094 22.27659574468085 1.0 94 0 
21000 1543 17.941860465116278 0.9885057471264368 86 1 
21100 1559 19.01219512195122 0.9879518072289156 82 1 
21200 1605 18.03370786516854 0.9888888888888889 89 1 
21300 1638 22.135135135135137 0.961038961038961 74 3 
21400 1661 21.025316455696203 0.9753086419753086 79 2 
21500 2185 22.760416666666668 1.0 96 0 
21600 2205 25.941176470588236 1.0 85 0 
21700 1663 22.472972972972972 1.0 74 0 
21800 2253 25.033333333333335 0.967741935483871 90 3 
21900 1576 18.114942528735632 0.9886363636363636 87 1 
22000 2127 22.389473684210525 1.0 95 0 
22100 1791 19.258064516129032 1.0 93 0 
22200 1549 18.890243902439025 0.9761904761904762 82 2 
22300 1992 20.12121212121212 1.0 99 0 
22400 2169 18.860869565217392 0.9913793103448276 115 1 
22500 1423 16.546511627906977 0.9772727272727273 86 2 
22601 2175 19.24778761061947 0.9741379310344828 113 3 
22700 1322 16.734177215189874 0.9875 79 1 
22801 1236 16.7027027027027 0.961038961038961 74 3 
22900 1931 21.943181818181817 1.0 88 0 
23000 1562 19.28395061728395 0.9878048780487805 81 1 
23100 1976 20.8 0.9595959595959596 95 4 
23200 1550 17.032967032967033 0.9680851063829787 91 3 
23300 1842 19.389473684210525 0.979381443298969 95 2 
23400 1705 21.582278481012658 0.9753086419753086 79 2 
23500 1820 20.681818181818183 0.9565217391304348 88 4 
23600 1848 18.48 0.9900990099009901 100 1 
23700 1607 22.633802816901408 0.9861111111111112 71 1 
23801 2064 20.848484848484848 0.9801980198019802 99 2 
23900 1732 19.032967032967033 0.978494623655914 91 2 
24000 1728 20.32941176470588 1.0 85 0 
24100 2138 21.38 0.9803921568627451 100 2 
24200 1541 19.02469135802469 0.9759036144578314 81 2 
24301 1920 21.573033707865168 0.967391304347826 89 3 
24400 1600 21.62162162162162 1.0 74 0 
24500 1331 18.232876712328768 0.9733333333333334 73 2 
24600 1958 20.610526315789475 1.0 95 0 
24700 1812 22.097560975609756 0.9879518072289156 82 1 
24800 1558 18.32941176470588 0.9770114942528736 85 2 
