2 0 0.0 0.0 0 0 
100 0 0.0 0.0 0 0 
201 0 0.0 0.0 0 0 
300 0 0.0 0.0 0 0 
400 0 0.0 0.0 0 0 
500 0 0.0 0.0 0 0 
600 0 0.0 0.0 0 0 
700 0 0.0 0.0 0 0 
800 126 15.75 1.0 8 0 
900 391 21.72222222222222 0.72 18 7 
1000 799 24.96875 0.8421052631578947 32 6 
1100 1498 31.208333333333332 0.8275862068965517 48 10 
1201 1228 26.695652173913043 0.7540983606557377 46 15 
1300 1809 32.30357142857143 0.9333333333333333 56 4 
1400 2500 37.878787878787875 0.9166666666666666 66 6 
1500 2178 30.676056338028168 0.9466666666666667 71 4 
1600 2930 33.29545454545455 0.9565217391304348 88 4 
1700 2096 27.946666666666665 0.8928571428571429 75 9 
1800 2663 33.70886075949367 0.8681318681318682 79 12 
1900 1882 26.13888888888889 0.8780487804878049 72 10 
2001 1912 28.11764705882353 0.9315068493150684 68 5 
2100 2189 29.58108108108108 0.8809523809523809 74 10 
2200 2294 28.675 0.9523809523809523 80 4 
2300 3106 35.701149425287355 0.9456521739130435 87 5 
2400 2746 33.08433734939759 0.9222222222222223 83 7 
2500 2098 27.246753246753247 0.927710843373494 77 6 
2600 2798 30.086021505376344 0.9393939393939394 93 6 
2700 2240 24.347826086956523 0.9292929292929293 92 7 
2800 3066 33.69230769230769 0.9578947368421052 91 4 
2900 2595 31.646341463414632 0.9647058823529412 82 3 
3001 2387 29.109756097560975 0.9318181818181818 82 6 
3100 1998 26.64 0.9146341463414634 75 7 
3200 2419 29.5 0.9318181818181818 82 6 
3300 3179 31.475247524752476 0.9439252336448598 101 6 
3400 2536 30.926829268292682 0.8723404255319149 82 12 
3500 3060 30.297029702970296 0.9351851851851852 101 7 
3600 2258 31.36111111111111 0.8674698795180723 72 11 
3700 1955 23.841463414634145 0.9213483146067416 82 7 
3800 2497 30.451219512195124 0.9318181818181818 82 6 
3900 2461 33.25675675675676 0.9487179487179487 74 4 
4000 2511 27.593406593406595 0.9479166666666666 91 5 
4100 2469 31.253164556962027 0.9080459770114943 79 8 
4200 2530 30.481927710843372 0.9120879120879121 83 8 
4300 2138 30.542857142857144 0.9333333333333333 70 5 
4400 2524 27.434782608695652 0.9292929292929293 92 7 
4500 2860 30.105263157894736 0.9134615384615384 95 9 
4600 3256 33.916666666666664 0.9411764705882353 96 6 
4700 2707 33.8375 0.898876404494382 80 9 
4800 2301 28.7625 0.9523809523809523 80 4 
4900 2336 28.839506172839506 0.9101123595505618 81 8 
5000 3164 29.849056603773583 0.9636363636363636 106 4 
5100 2383 27.079545454545453 0.9565217391304348 88 4 
5201 2704 30.382022471910112 0.978021978021978 89 2 
5300 2057 22.358695652173914 0.92 92 8 
5400 2952 29.818181818181817 0.9166666666666666 99 9 
5501 2864 30.147368421052633 0.9313725490196079 95 7 
5600 1697 23.569444444444443 0.8571428571428571 72 12 
5701 2896 29.252525252525253 0.9705882352941176 99 3 
5800 2655 30.517241379310345 0.8613861386138614 87 14 
5900 2241 28.73076923076923 0.8863636363636364 78 10 
6001 1946 26.65753424657534 0.9605263157894737 73 3 
6100 2678 30.089887640449437 0.9175257731958762 89 8 
6200 1724 25.73134328358209 0.9178082191780822 67 6 
6301 2803 35.0375 0.9195402298850575 80 7 
6400 2692 30.942528735632184 0.9354838709677419 87 6 
6500 2047 27.66216216216216 0.9135802469135802 74 7 
6600 2488 31.1 0.8602150537634409 80 13 
6700 2989 34.75581395348837 0.9347826086956522 86 6 
6801 2390 26.555555555555557 0.9090909090909091 90 9 
6900 2337 28.85185185185185 0.9101123595505618 81 8 
7000 2684 30.5 0.9166666666666666 88 8 
7100 2493 29.678571428571427 0.9333333333333333 84 6 
7200 2656 29.84269662921348 0.9270833333333334 89 7 
7300 2047 26.93421052631579 0.95 76 4 
7400 2770 30.77777777777778 0.9183673469387755 90 8 
7500 2466 30.825 0.9411764705882353 80 5 
7601 2342 26.022222222222222 0.967741935483871 90 3 
7700 1966 21.369565217391305 0.9387755102040817 92 6 
7800 2117 30.681159420289855 0.8625 69 11 
7900 2294 27.63855421686747 0.9222222222222223 83 7 
8001 2978 32.02150537634409 0.9489795918367347 93 5 
8100 1839 25.901408450704224 0.9342105263157895 71 5 
8200 2060 25.121951219512194 0.9534883720930233 82 4 
8300 2952 36.0 0.9318181818181818 82 6 
8400 2398 24.721649484536083 0.9238095238095239 97 8 
8500 2826 28.26 0.9523809523809523 100 5 
8600 2436 30.074074074074073 0.9204545454545454 81 7 
8700 3034 32.623655913978496 0.96875 93 3 
8800 1820 28.88888888888889 0.9130434782608695 63 6 
8900 2381 28.011764705882353 0.9550561797752809 85 4 
9000 2466 25.163265306122447 0.9333333333333333 98 7 
9100 2879 30.956989247311828 0.9393939393939394 93 6 
9200 2310 31.643835616438356 0.9125 73 7 
9300 2596 28.52747252747253 0.9381443298969072 91 6 
9400 2698 31.372093023255815 0.8865979381443299 86 11 
9500 2124 29.91549295774648 0.9466666666666667 71 4 
9600 1945 23.433734939759034 0.8736842105263158 83 12 
9700 2781 29.273684210526316 0.9595959595959596 95 4 
9801 2729 36.38666666666666 0.8426966292134831 75 14 
9900 2680 31.904761904761905 0.9032258064516129 84 9 
10000 2811 33.464285714285715 0.9545454545454546 84 4 
10100 2237 29.826666666666668 0.8928571428571429 75 9 
10201 2777 28.927083333333332 0.9696969696969697 96 3 
10300 2277 32.52857142857143 0.8860759493670886 70 9 
10401 2505 30.548780487804876 0.9111111111111111 82 8 
10500 2225 27.469135802469136 0.9310344827586207 81 6 
10600 2243 25.7816091954023 0.925531914893617 87 7 
10700 3002 32.630434782608695 0.9484536082474226 92 5 
10800 1923 25.64 0.9375 75 5 
10900 2337 27.174418604651162 0.9247311827956989 86 7 
11000 2493 29.32941176470588 0.9340659340659341 85 6 
11100 2304 28.444444444444443 0.9759036144578314 81 2 
11200 1985 25.77922077922078 0.9506172839506173 77 4 
11300 2522 28.337078651685392 0.898989898989899 89 10 
11400 2032 29.02857142857143 0.958904109589041 70 3 
11500 2399 26.95505617977528 0.978021978021978 89 2 
11600 3075 37.04819277108434 0.9021739130434783 83 9 
11700 2986 34.72093023255814 0.945054945054945 86 5 
11800 2414 28.738095238095237 0.9438202247191011 84 5 
11900 2818 27.900990099009903 0.9528301886792453 101 5 
12000 3143 31.747474747474747 0.9519230769230769 99 5 
12100 2505 24.801980198019802 0.9805825242718447 101 2 
12200 2586 30.423529411764704 0.9550561797752809 85 4 
12301 3205 41.08974358974359 0.9512195121951219 78 4 
12401 2432 28.952380952380953 0.9545454545454546 84 4 
12501 2618 30.8 0.9239130434782609 85 7 
12600 2063 25.7875 0.8791208791208791 80 11 
12700 2674 31.458823529411763 0.9239130434782609 85 7 
12800 2053 27.373333333333335 0.8928571428571429 75 9 
12900 2534 29.46511627906977 0.9148936170212766 86 8 
13000 2232 30.575342465753426 0.8902439024390244 73 9 
13100 2800 33.333333333333336 0.9545454545454546 84 4 
13200 2467 31.227848101265824 0.9294117647058824 79 6 
13300 1795 24.589041095890412 0.9125 73 7 
13400 2512 30.265060240963855 0.9431818181818182 83 5 
13500 2677 27.316326530612244 0.9607843137254902 98 4 
13600 3474 38.175824175824175 0.8666666666666667 91 14 
13700 2396 31.526315789473685 0.926829268292683 76 6 
13800 1795 21.890243902439025 0.9425287356321839 82 5 
13901 1785 23.8 0.9146341463414634 75 7 
14000 2968 31.574468085106382 0.912621359223301 94 9 
14100 3095 37.28915662650602 0.9222222222222223 83 7 
14200 2535 29.137931034482758 0.925531914893617 87 7 
14300 1517 17.63953488372093 0.8958333333333334 86 10 
14401 2008 26.773333333333333 0.9146341463414634 75 7 
14501 2577 31.426829268292682 0.8723404255319149 82 12 
14600 2181 26.27710843373494 0.9120879120879121 83 8 
14700 2490 31.518987341772153 0.9186046511627907 79 7 
14800 2863 37.18181818181818 0.9746835443037974 77 2 
14900 2102 26.94871794871795 0.9285714285714286 78 6 
15000 2214 30.75 0.935064935064935 72 5 
15101 2379 28.321428571428573 0.9230769230769231 84 7 
15201 2702 29.053763440860216 0.9117647058823529 93 9 
15300 2161 27.705128205128204 0.9069767441860465 78 8 
15400 3075 32.36842105263158 0.95 95 5 
15500 2690 28.31578947368421 0.9313725490196079 95 7 
15600 2567 30.927710843373493 0.8829787234042553 83 11 
15700 2026 28.13888888888889 0.935064935064935 72 5 
15800 2252 23.458333333333332 0.96 96 4 
15901 2119 29.027397260273972 0.8488372093023255 73 13 
16000 2893 33.252873563218394 0.8969072164948454 87 10 
16100 2935 29.646464646464647 0.9519230769230769 99 5 
16200 2194 27.08641975308642 0.9759036144578314 81 2 
16301 2552 38.666666666666664 0.9428571428571428 66 4 
16400 2673 31.821428571428573 0.9545454545454546 84 4 
16500 2851 27.679611650485437 0.944954128440367 103 6 
16600 2953 32.09782608695652 0.8932038834951457 92 11 
16701 2511 28.53409090909091 0.9565217391304348 88 4 
16800 2243 27.353658536585368 0.9111111111111111 82 8 
16900 2510 27.582417582417584 0.9285714285714286 91 7 
17000 3076 31.711340206185568 0.9326923076923077 97 7 
17100 2624 30.511627906976745 0.9052631578947369 86 9 
17200 2432 28.611764705882354 0.9340659340659341 85 6 
17300 2013 28.35211267605634 0.8875 71 9 
17400 1714 31.163636363636364 0.873015873015873 55 8 
17500 2348 28.634146341463413 0.9425287356321839 82 5 
17600 2392 28.819277108433734 0.9120879120879121 83 8 
17700 2501 26.606382978723403 0.9306930693069307 94 7 
17800 2580 37.94117647058823 0.9315068493150684 68 5 
17900 2265 24.35483870967742 0.9489795918367347 93 5 
18000 2268 27.658536585365855 0.9534883720930233 82 4 
18100 1839 23.27848101265823 0.9186046511627907 79 7 
18200 2131 23.9438202247191 0.898989898989899 89 10 
18300 1811 20.816091954022987 0.90625 87 9 
18400 2649 29.433333333333334 0.9183673469387755 90 8 
18500 2133 29.625 0.9230769230769231 72 6 
18600 2029 28.577464788732396 0.8658536585365854 71 11 
18701 2555 30.416666666666668 0.9333333333333333 84 6 
18800 2493 27.395604395604394 0.9285714285714286 91 7 
18900 1729 24.01388888888889 0.9 72 8 
19000 2438 24.138613861386137 0.9439252336448598 101 6 
19100 2816 27.607843137254903 0.9272727272727272 102 8 
19200 2326 34.205882352941174 0.8717948717948718 68 10 
19300 2994 33.266666666666666 0.9090909090909091 90 9 
19400 2778 31.213483146067414 0.9175257731958762 89 8 
19500 3054 31.8125 0.9320388349514563 96 7 
19600 2192 26.73170731707317 0.9425287356321839 82 5 
19700 2534 37.82089552238806 0.881578947368421 67 9 
19800 2349 29.0 0.9642857142857143 81 3 
19900 1882 26.13888888888889 0.8780487804878049 72 10 
20000 2957 32.141304347826086 0.9484536082474226 92 5 
20100 2629 33.705128205128204 0.9285714285714286 78 6 
20200 3065 34.82954545454545 0.8979591836734694 88 10 
20300 1996 23.761904761904763 0.9655172413793104 84 3 
20400 2034 24.50602409638554 0.9764705882352941 83 2 
20500 2685 31.22093023255814 0.9247311827956989 86 7 
20600 2025 22.252747252747252 0.9191919191919192 91 8 
20700 2543 28.897727272727273 0.9777777777777777 88 2 
20800 2696 30.636363636363637 0.9361702127659575 88 6 
20900 2633 32.109756097560975 0.9879518072289156 82 1 
21001 2040 26.153846153846153 0.9397590361445783 78 5 
21100 3140 34.888888888888886 0.8823529411764706 90 12 
21200 1877 28.439393939393938 0.9166666666666666 66 6 
21300 2460 29.285714285714285 0.9545454545454546 84 4 
21400 2428 29.97530864197531 0.8709677419354839 81 12 
21500 1934 24.481012658227847 0.9186046511627907 79 7 
21601 2583 30.03488372093023 0.9148936170212766 86 8 
21700 2095 24.080459770114942 0.9666666666666667 87 3 
21800 2378 26.42222222222222 0.9 90 10 
21900 2548 34.432432432432435 0.9367088607594937 74 5 
22000 2587 28.744444444444444 0.9183673469387755 90 8 
22100 2476 24.76 0.9433962264150944 100 6 
22201 2615 32.28395061728395 0.9759036144578314 81 2 
22300 2794 33.26190476190476 0.9230769230769231 84 7 
22400 2589 34.986486486486484 0.9367088607594937 74 5 
22500 2687 29.855555555555554 0.9278350515463918 90 7 
22600 2079 27.72 0.8928571428571429 75 9 
22701 2697 32.890243902439025 0.9761904761904762 82 2 
22801 1959 22.01123595505618 0.9368421052631579 89 6 
22900 2192 27.061728395061728 0.9204545454545454 81 7 
23000 2388 28.771084337349397 0.9651162790697675 83 3 
23100 2024 29.764705882352942 0.8717948717948718 68 10 
23200 2336 26.850574712643677 0.9157894736842105 87 8 
23300 2395 29.9375 0.898876404494382 80 9 
23400 2395 31.103896103896105 0.8850574712643678 77 10 
23500 3068 32.294736842105266 0.9405940594059405 95 6 
23600 2766 31.078651685393258 0.9270833333333334 89 7 
23700 2347 27.611764705882354 0.9659090909090909 85 3 
23801 2272 24.695652173913043 0.989247311827957 92 1 
23900 2114 33.55555555555556 0.9264705882352942 63 5 
24000 2133 26.01219512195122 0.9111111111111111 82 8 
24100 2721 30.573033707865168 0.967391304347826 89 3 
24200 2634 29.266666666666666 0.9375 90 6 
24300 1972 24.048780487804876 0.8817204301075269 82 11 
24400 2603 33.8051948051948 0.927710843373494 77 6 
24500 2499 27.46153846153846 0.91 91 9 
24600 2511 25.622448979591837 0.8909090909090909 98 12 
24700 2504 27.822222222222223 0.9 90 10 
24800 1848 25.666666666666668 0.8470588235294118 72 13 
24900 2609 28.053763440860216 0.9207920792079208 93 8 
25000 2852 31.68888888888889 0.9278350515463918 90 7 
25100 2659 32.426829268292686 0.9647058823529412 82 3 
25201 2613 27.79787234042553 0.9306930693069307 94 7 
25300 2470 28.068181818181817 0.8979591836734694 88 10 
25400 2319 31.33783783783784 0.9367088607594937 74 5 
25500 1953 24.4125 0.9411764705882353 80 5 
25600 3030 35.23255813953488 0.8958333333333334 86 10 
25701 2348 30.493506493506494 0.9390243902439024 77 5 
25800 3169 33.712765957446805 0.9215686274509803 94 8 
25900 2382 29.40740740740741 0.9642857142857143 81 3 
26000 2515 26.197916666666668 0.9320388349514563 96 7 
26100 2385 30.189873417721518 0.9080459770114943 79 8 
26200 2432 32.0 0.9047619047619048 76 8 
26300 3054 25.88135593220339 0.9516129032258065 118 6 
26400 2391 28.80722891566265 0.9325842696629213 83 6 
26500 2320 25.77777777777778 0.8910891089108911 90 11 
26600 2261 28.987179487179485 0.8297872340425532 78 16 
26700 2817 28.744897959183675 0.9333333333333333 98 7 
26800 2288 25.42222222222222 0.9183673469387755 90 8 
26900 1931 28.397058823529413 0.9444444444444444 68 4 
27000 2721 30.573033707865168 0.967391304347826 89 3 
27100 1816 22.146341463414632 0.9111111111111111 82 8 
27201 2123 26.5375 0.963855421686747 80 3 
27300 1968 26.594594594594593 0.891566265060241 74 9 
27400 2779 28.947916666666668 0.897196261682243 96 11 
27500 2144 26.469135802469136 0.9 81 9 
27600 2372 26.954545454545453 0.9072164948453608 88 9 
27700 1458 23.901639344262296 0.8970588235294118 61 7 
27800 1344 21.677419354838708 0.9393939393939394 62 4 
27900 2551 28.344444444444445 0.9375 90 6 
28000 2103 26.620253164556964 0.8586956521739131 79 13 
28100 2614 33.51282051282051 0.9285714285714286 78 6 
28200 2400 27.906976744186046 0.945054945054945 86 5 
28300 1642 24.147058823529413 0.8947368421052632 68 8 
28400 2629 30.569767441860463 0.9148936170212766 86 8 
28500 1903 25.716216216216218 0.925 74 6 
28600 2567 29.848837209302324 0.9247311827956989 86 7 
28700 2273 27.71951219512195 0.9425287356321839 82 5 
28800 2632 29.90909090909091 0.9263157894736842 88 7 
28900 1935 25.12987012987013 0.8651685393258427 77 12 
29000 2102 27.657894736842106 0.8735632183908046 76 11 
29100 1967 28.507246376811594 0.8961038961038961 69 8 
29200 1834 29.580645161290324 0.96875 62 2 
29300 3146 29.12962962962963 0.9310344827586207 108 8 
29400 1866 24.55263157894737 0.9047619047619048 76 8 
29500 2607 33.857142857142854 0.9058823529411765 77 8 
29600 2365 30.32051282051282 0.9069767441860465 78 8 
29700 2536 26.97872340425532 0.9215686274509803 94 8 
29800 2574 26.8125 0.9504950495049505 96 5 
29900 2413 31.337662337662337 0.8953488372093024 77 9 
30001 2561 29.77906976744186 0.9052631578947369 86 9 
