2 0 0.0 0.0 0 0 
100 0 0.0 0.0 0 0 
200 0 0.0 0.0 0 0 
300 0 0.0 0.0 0 0 
400 0 0.0 0.0 0 0 
500 0 0.0 0.0 0 0 
601 0 0.0 0.0 0 0 
700 0 0.0 0.0 0 0 
800 21 7.0 1.0 3 0 
900 399 28.5 0.8235294117647058 14 3 
1000 1459 32.422222222222224 0.8653846153846154 45 7 
1100 1549 36.88095238095238 0.8076923076923077 42 10 
1200 1080 25.11627906976744 0.7818181818181819 43 12 
1300 2193 33.738461538461536 0.9285714285714286 65 5 
1400 1794 29.40983606557377 0.8970588235294118 61 7 
1500 2198 22.65979381443299 0.9509803921568627 97 5 
1600 1852 20.130434782608695 0.9484536082474226 92 5 
1700 2230 27.530864197530864 0.9 81 9 
1800 2221 25.238636363636363 0.9263157894736842 88 7 
1900 2286 28.936708860759495 0.9518072289156626 79 4 
2000 2175 21.323529411764707 0.9357798165137615 102 7 
2100 2681 26.284313725490197 0.9357798165137615 102 7 
2200 2086 27.09090909090909 0.927710843373494 77 6 
2300 2121 22.326315789473686 0.9693877551020408 95 3 
2400 2038 22.152173913043477 0.9292929292929293 92 7 
2500 1727 19.625 0.9777777777777777 88 2 
2600 2692 25.1588785046729 0.963963963963964 107 4 
2700 1685 21.602564102564102 0.9629629629629629 78 3 
2800 2817 27.89108910891089 0.9901960784313726 101 1 
2900 2016 23.71764705882353 0.9770114942528736 85 2 
3000 2200 22.68041237113402 0.941747572815534 97 6 
3100 2426 26.086021505376344 0.96875 93 3 
3200 2325 23.484848484848484 0.9705882352941176 99 3 
3300 2623 24.514018691588785 0.9553571428571429 107 5 
3400 2680 22.521008403361346 0.9916666666666667 119 1 
3500 2525 23.37962962962963 0.9818181818181818 108 2 
3600 2677 27.04040404040404 0.99 99 1 
3700 2237 23.061855670103093 0.941747572815534 97 6 
3800 2234 24.822222222222223 0.989010989010989 90 1 
3900 2043 22.206521739130434 0.9019607843137255 92 10 
4000 1976 21.247311827956988 0.9489795918367347 93 5 
4100 2666 24.685185185185187 0.9557522123893806 108 5 
4200 1959 23.890243902439025 0.9425287356321839 82 5 
4300 2362 29.525 0.9195402298850575 80 7 
4401 2070 22.258064516129032 0.9489795918367347 93 5 
4500 2105 24.476744186046513 0.9555555555555556 86 4 
4600 1886 18.86 0.9433962264150944 100 6 
4700 2647 27.86315789473684 0.9595959595959596 95 4 
4800 2749 24.990909090909092 0.9649122807017544 110 4 
4900 1920 24.615384615384617 0.975 78 2 
5000 2333 26.816091954022987 0.9456521739130435 87 5 
5100 2143 23.043010752688172 0.96875 93 3 
5200 2284 24.559139784946236 0.93 93 7 
5300 2712 25.58490566037736 0.9380530973451328 106 7 
5400 2489 20.570247933884296 0.9453125 121 7 
5500 1914 21.266666666666666 0.9473684210526315 90 5 
5600 1943 21.58888888888889 0.9782608695652174 90 2 
5700 2862 26.747663551401867 0.9304347826086956 107 8 
5800 2289 25.153846153846153 0.978494623655914 91 2 
5900 2696 28.680851063829788 0.9690721649484536 94 3 
6000 2625 25.0 0.9375 105 7 
6100 2321 25.505494505494507 0.9479166666666666 91 5 
6200 2553 25.277227722772277 0.9805825242718447 101 2 
6300 1892 21.022222222222222 0.9782608695652174 90 2 
6400 1916 22.80952380952381 0.9333333333333333 84 6 
6500 2514 28.896551724137932 0.9560439560439561 87 4 
6600 1929 21.433333333333334 0.967741935483871 90 3 
6701 2599 25.73267326732673 0.9528301886792453 101 5 
6800 1769 22.974025974025974 0.9506172839506173 77 4 
6900 1636 20.70886075949367 0.9186046511627907 79 7 
7000 2103 22.612903225806452 0.9893617021276596 93 1 
7100 2359 24.31958762886598 0.9509803921568627 97 5 
7200 2321 24.177083333333332 0.9896907216494846 96 1 
7300 2210 20.849056603773583 0.9724770642201835 106 3 
7400 2471 27.153846153846153 0.9479166666666666 91 5 
7500 1663 20.7875 0.9523809523809523 80 4 
7600 1764 23.83783783783784 0.9367088607594937 74 5 
7700 2289 23.84375 0.9795918367346939 96 2 
7800 2423 25.77659574468085 0.9591836734693877 94 4 
7900 2092 20.712871287128714 0.9619047619047619 101 4 
8000 2659 30.21590909090909 0.9565217391304348 88 4 
8100 2062 22.65934065934066 0.9680851063829787 91 3 
8200 1935 24.807692307692307 0.896551724137931 78 9 
8300 2326 26.735632183908045 0.9666666666666667 87 3 
8401 2220 24.666666666666668 0.9574468085106383 90 4 
8500 2036 25.135802469135804 0.9529411764705882 81 4 
8600 1954 21.47252747252747 0.9680851063829787 91 3 
8700 2003 23.290697674418606 0.9662921348314607 86 3 
8800 2618 27.270833333333332 0.9411764705882353 96 6 
8900 2594 24.242990654205606 0.9727272727272728 107 3 
9000 2498 22.70909090909091 0.9821428571428571 110 2 
9100 2500 26.881720430107528 0.9587628865979382 93 4 
9200 1829 18.663265306122447 0.9607843137254902 98 4 
9300 1526 18.609756097560975 0.9647058823529412 82 3 
9400 2494 24.45098039215686 0.9902912621359223 102 1 
9500 2181 26.27710843373494 0.9764705882352941 83 2 
9600 1995 25.90909090909091 0.927710843373494 77 6 
9700 2092 24.611764705882354 0.9444444444444444 85 5 
9800 2172 24.96551724137931 0.9775280898876404 87 2 
9900 2439 26.802197802197803 0.9381443298969072 91 6 
10000 1422 19.216216216216218 0.961038961038961 74 3 
10100 2396 26.043478260869566 0.989247311827957 92 1 
10201 2191 23.30851063829787 0.9690721649484536 94 3 
10300 1721 19.7816091954023 0.9666666666666667 87 3 
10400 2672 23.234782608695653 0.9745762711864406 115 3 
10500 2193 27.759493670886076 0.9518072289156626 79 4 
10600 1507 18.8375 0.963855421686747 80 3 
10700 2732 27.04950495049505 0.9711538461538461 101 3 
10800 2837 28.08910891089109 0.9619047619047619 101 4 
10901 1854 21.310344827586206 0.9157894736842105 87 8 
11000 2597 24.971153846153847 0.9629629629629629 104 4 
11100 1804 22.0 0.9647058823529412 82 3 
11200 2241 24.9 0.9473684210526315 90 5 
11300 1967 23.416666666666668 0.8936170212765957 84 10 
11401 1969 21.402173913043477 0.9787234042553191 92 2 
11500 2805 27.77227722772277 0.9619047619047619 101 4 
11600 2433 21.723214285714285 0.9655172413793104 112 4 
11700 1747 18.585106382978722 1.0 94 0 
11800 2079 21.214285714285715 0.9423076923076923 98 6 
11900 1805 19.619565217391305 0.9292929292929293 92 7 
12000 1887 24.506493506493506 0.9746835443037974 77 2 
12100 2342 24.652631578947368 0.9595959595959596 95 4 
12200 2373 22.177570093457945 0.981651376146789 107 2 
12300 2217 25.77906976744186 0.9662921348314607 86 3 
12400 2945 24.33884297520661 0.9453125 121 7 
12500 2132 26.0 0.9425287356321839 82 5 
12600 2052 23.586206896551722 0.9666666666666667 87 3 
12700 2248 22.93877551020408 0.9514563106796117 98 5 
12800 1979 25.050632911392405 0.9404761904761905 79 5 
12900 2781 25.513761467889907 0.9732142857142857 109 3 
13000 1677 18.84269662921348 0.9175257731958762 89 8 
13100 1818 25.6056338028169 0.9466666666666667 71 4 
13200 3140 26.610169491525422 0.9147286821705426 118 11 
13300 2560 24.615384615384617 0.9541284403669725 104 5 
13400 1901 21.359550561797754 0.978021978021978 89 2 
13500 2175 23.138297872340427 0.912621359223301 94 9 
13600 2541 26.74736842105263 0.9223300970873787 95 8 
13700 2305 26.49425287356322 0.925531914893617 87 7 
13800 2257 24.01063829787234 0.9690721649484536 94 3 
13900 2137 22.49473684210526 0.9693877551020408 95 3 
14000 2025 21.54255319148936 0.9494949494949495 94 5 
14100 1752 19.043478260869566 0.968421052631579 92 3 
14200 2237 25.420454545454547 0.9565217391304348 88 4 
14300 1879 28.044776119402986 0.9436619718309859 67 4 
14400 2220 21.142857142857142 0.9545454545454546 105 5 
14500 2091 26.1375 0.9523809523809523 80 4 
14600 2157 24.235955056179776 0.9468085106382979 89 5 
14700 2385 24.09090909090909 0.9611650485436893 99 4 
14800 2118 23.533333333333335 0.9473684210526315 90 5 
14900 2728 24.357142857142858 0.9411764705882353 112 7 
15000 2290 26.941176470588236 0.9659090909090909 85 3 
15100 1491 18.40740740740741 0.9642857142857143 81 3 
15201 1512 17.788235294117648 0.9239130434782609 85 7 
15300 1772 20.6046511627907 0.9662921348314607 86 3 
15400 3400 30.088495575221238 0.9338842975206612 113 8 
15500 2002 23.27906976744186 0.9555555555555556 86 4 
15600 2012 19.533980582524272 0.9809523809523809 103 2 
15700 2144 22.568421052631578 0.9693877551020408 95 3 
15800 2460 25.894736842105264 0.95 95 5 
15900 2687 28.892473118279568 0.9789473684210527 93 2 
16000 2524 27.434782608695652 0.968421052631579 92 3 
16100 2886 24.879310344827587 0.9830508474576272 116 2 
16200 2673 26.73 0.9615384615384616 100 4 
16300 1910 21.95402298850575 0.9775280898876404 87 2 
16400 2538 25.38 0.9900990099009901 100 1 
16500 2100 24.137931034482758 0.9456521739130435 87 5 
16600 2083 21.697916666666668 0.9320388349514563 96 7 
16700 1841 19.177083333333332 0.9696969696969697 96 3 
16800 1972 22.40909090909091 0.9072164948453608 88 9 
16900 1920 22.325581395348838 0.9555555555555556 86 4 
17000 2370 26.629213483146067 0.978021978021978 89 2 
17100 2229 25.329545454545453 0.9361702127659575 88 6 
17201 2397 25.774193548387096 0.96875 93 3 
17301 2325 23.724489795918366 0.9514563106796117 98 5 
17400 2993 26.723214285714285 0.9256198347107438 112 9 
17500 2497 26.849462365591396 0.9587628865979382 93 4 
17600 2095 22.05263157894737 0.9693877551020408 95 3 
17700 1626 20.846153846153847 0.9512195121951219 78 4 
17800 2644 25.18095238095238 0.9905660377358491 105 1 
17900 2397 26.93258426966292 0.9368421052631579 89 6 
18001 1533 19.653846153846153 0.9285714285714286 78 6 
18100 2551 26.03061224489796 0.9607843137254902 98 4 
18200 2005 22.27777777777778 0.9473684210526315 90 5 
18300 2838 26.03669724770642 0.990909090909091 109 1 
18401 2222 22.0 0.9901960784313726 101 1 
18500 1869 20.096774193548388 1.0 93 0 
18600 2359 23.59 0.9900990099009901 100 1 
18701 2114 22.020833333333332 0.9696969696969697 96 3 
18800 1724 20.046511627906977 0.9662921348314607 86 3 
18900 2388 21.70909090909091 0.9649122807017544 110 4 
19000 2225 23.42105263157895 0.95 95 5 
19100 2225 21.19047619047619 0.9722222222222222 105 3 
19200 2489 27.054347826086957 0.9583333333333334 92 4 
19300 2114 22.48936170212766 0.9215686274509803 94 8 
19400 1775 17.401960784313726 0.9272727272727272 102 8 
19500 2021 22.707865168539325 0.9888888888888889 89 1 
19600 1619 18.825581395348838 0.9662921348314607 86 3 
19700 2656 24.822429906542055 0.9553571428571429 107 5 
19800 1949 19.887755102040817 0.98 98 2 
19900 2238 20.91588785046729 0.9727272727272728 107 3 
20000 2559 27.516129032258064 0.9393939393939394 93 6 
20100 2134 23.45054945054945 0.9578947368421052 91 4 
20200 1934 25.44736842105263 1.0 76 0 
20300 2355 24.03061224489796 0.9607843137254902 98 4 
20400 2510 24.134615384615383 0.9719626168224299 104 3 
20500 1728 17.454545454545453 0.9705882352941176 99 3 
20600 2307 22.84158415841584 0.9528301886792453 101 5 
20700 2241 24.096774193548388 0.9587628865979382 93 4 
20800 1974 22.431818181818183 0.9166666666666666 88 8 
20900 2092 22.73913043478261 0.9583333333333334 92 4 
21000 2854 28.828282828282827 0.99 99 1 
21100 2260 22.6 0.9345794392523364 100 7 
21200 1773 22.73076923076923 0.9176470588235294 78 7 
21300 2235 22.575757575757574 0.9611650485436893 99 4 
21400 1945 24.3125 0.9523809523809523 80 4 
21500 2202 22.701030927835053 0.97 97 3 
21600 1905 22.678571428571427 0.9655172413793104 84 3 
21700 1886 21.930232558139537 0.8958333333333334 86 10 
21800 1823 20.032967032967033 0.978494623655914 91 2 
21900 2463 26.20212765957447 0.9494949494949495 94 5 
22000 2329 24.77659574468085 0.9894736842105263 94 1 
22100 2258 20.160714285714285 0.9411764705882353 112 7 
22200 2277 29.571428571428573 0.9506172839506173 77 4 
22300 2003 22.01098901098901 0.978494623655914 91 2 
22400 2186 24.021978021978022 0.9578947368421052 91 4 
22500 3136 26.576271186440678 0.9516129032258065 118 6 
22600 2085 21.94736842105263 0.9595959595959596 95 4 
22700 2071 24.36470588235294 0.9550561797752809 85 4 
22800 2217 22.622448979591837 0.9607843137254902 98 4 
22900 2141 24.0561797752809 0.9081632653061225 89 9 
23001 2212 22.571428571428573 0.9333333333333333 98 7 
23100 1951 22.42528735632184 0.9456521739130435 87 5 
23200 2247 23.904255319148938 0.9591836734693877 94 4 
23300 2055 22.833333333333332 0.9473684210526315 90 5 
23400 2221 23.378947368421052 0.95 95 5 
23500 1776 19.733333333333334 0.9375 90 6 
23600 1395 19.10958904109589 0.9358974358974359 73 5 
23700 2691 27.742268041237114 0.9603960396039604 97 4 
23800 2212 25.42528735632184 0.9456521739130435 87 5 
23900 2123 20.611650485436893 0.9809523809523809 103 2 
24000 2028 20.28 0.9900990099009901 100 1 
24100 2493 25.43877551020408 0.9514563106796117 98 5 
24200 2525 26.861702127659573 0.94 94 6 
24301 2462 26.473118279569892 0.9789473684210527 93 2 
24400 2049 23.02247191011236 0.978021978021978 89 2 
24500 2438 25.93617021276596 0.9791666666666666 94 2 
24600 1788 25.183098591549296 0.9726027397260274 71 2 
24700 2487 27.633333333333333 0.989010989010989 90 1 
24800 1463 18.518987341772153 0.9875 79 1 
24900 2506 30.19277108433735 0.9540229885057471 83 4 
25001 2236 21.92156862745098 0.9272727272727272 102 8 
25100 2531 23.87735849056604 1.0 106 0 
25200 2113 27.441558441558442 0.927710843373494 77 6 
25300 2035 19.95098039215686 0.9622641509433962 102 4 
25400 2477 22.51818181818182 0.9401709401709402 110 7 
25500 2437 24.37 0.9803921568627451 100 2 
25600 2329 25.315217391304348 0.989247311827957 92 1 
25700 2019 21.70967741935484 0.9489795918367347 93 5 
25800 2255 20.315315315315317 0.940677966101695 111 7 
25900 2201 25.894117647058824 0.8762886597938144 85 12 
26000 2107 23.41111111111111 0.9574468085106383 90 4 
26101 2242 24.63736263736264 0.9578947368421052 91 4 
26200 2598 26.242424242424242 0.9428571428571428 99 6 
26300 2684 25.807692307692307 1.0 104 0 
26400 2179 22.697916666666668 0.9320388349514563 96 7 
26500 2024 24.987654320987655 0.9310344827586207 81 6 
26600 2184 24.0 0.978494623655914 91 2 
26700 2227 29.30263157894737 0.9620253164556962 76 3 
26801 2706 27.896907216494846 0.8818181818181818 97 13 
26900 1969 20.726315789473684 0.9595959595959596 95 4 
27000 2514 25.653061224489797 0.98 98 2 
27100 1870 21.25 0.946236559139785 88 5 
27200 1841 21.658823529411766 0.9042553191489362 85 9 
27300 2036 24.238095238095237 0.9655172413793104 84 3 
27400 1896 23.40740740740741 0.9529411764705882 81 4 
27500 2556 26.081632653061224 0.9245283018867925 98 8 
27600 2258 22.80808080808081 0.9705882352941176 99 3 
27700 1418 18.906666666666666 1.0 75 0 
27800 2027 28.549295774647888 0.9726027397260274 71 2 
27900 1824 24.64864864864865 0.9487179487179487 74 4 
28000 3140 36.51162790697674 0.9555555555555556 86 4 
28100 2456 24.316831683168317 0.9439252336448598 101 6 
28200 2210 23.020833333333332 0.9504950495049505 96 5 
28300 2441 21.22608695652174 0.9583333333333334 115 5 
28400 2452 27.55056179775281 0.9468085106382979 89 5 
28500 1505 18.353658536585368 0.9318181818181818 82 6 
28600 2153 22.427083333333332 0.9411764705882353 96 6 
28700 2250 24.193548387096776 0.9893617021276596 93 1 
28800 1708 21.08641975308642 0.9759036144578314 81 2 
28900 1889 20.311827956989248 0.9587628865979382 93 4 
29000 2516 24.42718446601942 0.9809523809523809 103 2 
29100 2655 29.831460674157302 0.9270833333333334 89 7 
29200 2249 21.625 0.9629629629629629 104 4 
29300 2136 22.48421052631579 0.9595959595959596 95 4 
29400 2431 23.375 0.9369369369369369 104 7 
29500 2764 24.678571428571427 0.9572649572649573 112 5 
29600 1903 20.462365591397848 0.9489795918367347 93 5 
29700 2759 26.276190476190475 0.963302752293578 105 4 
29801 2726 29.630434782608695 0.9387755102040817 92 6 
29901 2119 23.032608695652176 0.9292929292929293 92 7 
30001 2547 24.728155339805824 0.9809523809523809 103 2 
