2 0 0.0 0.0 0 0 
100 0 0.0 0.0 0 0 
200 0 0.0 0.0 0 0 
300 0 0.0 0.0 0 0 
400 0 0.0 0.0 0 0 
500 0 0.0 0.0 0 0 
600 0 0.0 0.0 0 0 
700 8 8.0 1.0 1 0 
801 404 22.444444444444443 0.9473684210526315 18 1 
901 1000 43.47826086956522 0.8846153846153846 23 3 
1000 680 27.2 0.8333333333333334 25 5 
1100 724 18.564102564102566 0.75 39 13 
1201 1104 23.0 0.75 48 16 
1300 1375 25.943396226415093 0.8412698412698413 53 10 
1400 1808 28.25 0.927536231884058 64 5 
1500 2055 28.541666666666668 0.96 72 3 
1600 2384 26.197802197802197 0.9285714285714286 91 7 
1700 1673 22.30666666666667 0.974025974025974 75 2 
1800 2019 22.433333333333334 0.967741935483871 90 3 
1900 1760 24.444444444444443 0.9 72 8 
2001 1634 21.786666666666665 0.8928571428571429 75 9 
2100 2027 22.522222222222222 0.9090909090909091 90 9 
2200 1764 20.75294117647059 0.9770114942528736 85 2 
2300 1303 19.16176470588235 0.8831168831168831 68 9 
2401 1936 22.25287356321839 0.9775280898876404 87 2 
2500 1754 22.487179487179485 0.9397590361445783 78 5 
2600 1455 21.397058823529413 0.8947368421052632 68 8 
2700 2483 25.336734693877553 0.9423076923076923 98 6 
2800 1746 21.825 0.9302325581395349 80 6 
2900 2239 24.33695652173913 0.9292929292929293 92 7 
3000 1824 21.97590361445783 0.9764705882352941 83 2 
3100 1804 21.223529411764705 0.9883720930232558 85 1 
3200 1723 21.810126582278482 0.9186046511627907 79 7 
3301 2098 22.08421052631579 0.9313725490196079 95 7 
3400 1637 17.793478260869566 0.968421052631579 92 3 
3500 2243 23.123711340206185 0.9509803921568627 97 5 
3600 1709 23.410958904109588 0.9358974358974359 73 5 
3700 1877 25.71232876712329 0.9605263157894737 73 3 
3801 1823 21.702380952380953 0.9655172413793104 84 3 
3900 2067 24.607142857142858 0.9438202247191011 84 5 
4000 2412 27.40909090909091 0.9777777777777777 88 2 
4100 2252 24.21505376344086 0.96875 93 3 
4200 1973 21.92222222222222 0.9278350515463918 90 7 
4300 1910 23.875 0.9302325581395349 80 6 
4400 1625 23.214285714285715 0.9859154929577465 70 1 
4501 1854 21.068181818181817 0.946236559139785 88 5 
4600 2253 23.96808510638298 0.9690721649484536 94 3 
4700 1385 17.98701298701299 0.9506172839506173 77 4 
4800 2057 25.7125 1.0 80 0 
4900 2239 22.168316831683168 0.9901960784313726 101 1 
5000 1346 19.507246376811594 0.9324324324324325 69 5 
5100 1723 18.13684210526316 0.9693877551020408 95 3 
5200 1759 22.265822784810126 0.9634146341463414 79 3 
5300 1097 16.13235294117647 0.9855072463768116 68 1 
5400 1474 17.341176470588234 0.9770114942528736 85 2 
5500 2053 21.610526315789475 0.979381443298969 95 2 
5600 1282 17.324324324324323 0.9367088607594937 74 5 
5700 2098 27.973333333333333 1.0 75 0 
5800 1580 18.80952380952381 0.9767441860465116 84 2 
5900 1682 17.34020618556701 0.9603960396039604 97 4 
6000 1690 20.36144578313253 0.9764705882352941 83 2 
6100 1997 20.377551020408163 0.98 98 2 
6200 1417 17.493827160493826 0.9878048780487805 81 1 
6300 1783 19.172043010752688 0.9789473684210527 93 2 
6400 1738 19.977011494252874 0.9666666666666667 87 3 
6500 1935 20.15625 0.9696969696969697 96 3 
6600 2091 22.483870967741936 1.0 93 0 
6700 1368 18.73972602739726 0.9733333333333334 73 2 
6800 1602 21.36 1.0 75 0 
6900 1931 22.71764705882353 0.9770114942528736 85 2 
7000 2109 22.677419354838708 0.9789473684210527 93 2 
7100 1737 19.087912087912088 0.9578947368421052 91 4 
7201 1597 17.744444444444444 0.9278350515463918 90 7 
7300 1947 20.71276595744681 0.9791666666666666 94 2 
7400 2150 23.118279569892472 0.9789473684210527 93 2 
7500 2059 22.626373626373628 0.9680851063829787 91 3 
7601 1570 19.146341463414632 1.0 82 0 
7700 1994 22.65909090909091 1.0 88 0 
7800 1412 21.393939393939394 0.9705882352941176 66 2 
7900 1576 21.2972972972973 0.9487179487179487 74 4 
8000 2068 19.884615384615383 0.9629629629629629 104 4 
8100 1773 19.06451612903226 1.0 93 0 
8200 2236 24.304347826086957 0.989247311827957 92 1 
8300 1841 24.223684210526315 1.0 76 0 
8400 1798 25.323943661971832 0.9861111111111112 71 1 
8500 2046 20.46 0.9803921568627451 100 2 
8600 1909 21.942528735632184 0.9666666666666667 87 3 
8700 1720 17.551020408163264 0.9607843137254902 98 4 
8800 1751 20.6 0.9770114942528736 85 2 
8900 1486 17.903614457831324 0.9880952380952381 83 1 
9000 1505 19.294871794871796 0.9512195121951219 78 4 
9100 1821 18.96875 1.0 96 0 
9201 1290 17.2 1.0 75 0 
9300 2048 19.692307692307693 0.9904761904761905 104 1 
9400 1966 23.686746987951807 0.9880952380952381 83 1 
9500 1083 13.207317073170731 1.0 82 0 
9600 1916 18.07547169811321 0.9814814814814815 106 2 
9700 1664 18.696629213483146 0.9888888888888889 89 1 
9800 1203 16.708333333333332 0.9863013698630136 72 1 
9901 1281 16.21518987341772 0.9875 79 1 
10000 1810 20.568181818181817 0.9887640449438202 88 1 
10101 1560 16.956521739130434 0.989247311827957 92 1 
10200 1409 18.539473684210527 0.9743589743589743 76 2 
10300 1487 17.091954022988507 0.9886363636363636 87 1 
10400 1405 16.529411764705884 0.9883720930232558 85 1 
10500 1780 18.350515463917525 0.9897959183673469 97 1 
10601 1860 21.88235294117647 0.9770114942528736 85 2 
10700 1538 17.280898876404493 1.0 89 0 
10800 1594 18.976190476190474 0.9655172413793104 84 3 
10900 1891 21.988372093023255 1.0 86 0 
11000 1237 15.85897435897436 0.9629629629629629 78 3 
11100 1524 19.05 0.963855421686747 80 3 
11200 1514 18.925 1.0 80 0 
11300 1155 13.91566265060241 0.9651162790697675 83 3 
11400 1794 19.933333333333334 0.989010989010989 90 1 
11500 1679 20.228915662650603 0.9651162790697675 83 3 
11600 1473 19.64 1.0 75 0 
11700 1944 19.44 0.970873786407767 100 3 
11800 1449 17.670731707317074 0.9879518072289156 82 1 
11900 1685 16.201923076923077 0.9811320754716981 104 2 
12000 1823 21.96385542168675 0.9880952380952381 83 1 
12100 2180 21.8 1.0 100 0 
12200 1506 21.211267605633804 0.9861111111111112 71 1 
12301 1396 16.819277108433734 0.9651162790697675 83 3 
12401 2009 22.322222222222223 0.989010989010989 90 1 
12500 1377 15.47191011235955 0.9888888888888889 89 1 
12600 1703 19.134831460674157 0.978021978021978 89 2 
12700 1833 21.313953488372093 0.9772727272727273 86 2 
12800 1394 15.488888888888889 0.989010989010989 90 1 
12900 1756 20.658823529411766 0.9550561797752809 85 4 
13000 1615 17.944444444444443 0.967741935483871 90 3 
13100 2093 23.255555555555556 0.967741935483871 90 3 
13200 2209 19.9009009009009 0.9910714285714286 111 1 
13300 1437 16.709302325581394 0.9662921348314607 86 3 
13400 1994 23.186046511627907 0.9772727272727273 86 2 
13500 1533 19.1625 0.9523809523809523 80 4 
13600 1332 18.0 0.9736842105263158 74 2 
13700 1978 22.224719101123597 1.0 89 0 
13800 1803 17.85148514851485 0.9439252336448598 101 6 
13900 1762 18.946236559139784 1.0 93 0 
14000 1807 22.036585365853657 0.9647058823529412 82 3 
14100 1536 16.87912087912088 0.9680851063829787 91 3 
14200 1326 17.68 0.9493670886075949 75 4 
14300 1813 19.706521739130434 0.989247311827957 92 1 
14400 1790 20.1123595505618 1.0 89 0 
14500 1780 19.347826086956523 0.9787234042553191 92 2 
14600 2086 23.177777777777777 0.967741935483871 90 3 
14700 1119 16.217391304347824 0.971830985915493 69 2 
14800 1311 15.987804878048781 0.9879518072289156 82 1 
14900 1614 17.35483870967742 0.9789473684210527 93 2 
15001 1476 18.45 1.0 80 0 
15100 1446 19.28 0.9615384615384616 75 3 
15200 1670 16.534653465346533 0.9619047619047619 101 4 
15300 1920 17.61467889908257 0.9732142857142857 109 3 
15400 1661 20.012048192771083 0.9880952380952381 83 1 
15500 1167 16.67142857142857 0.9722222222222222 70 2 
15600 1425 16.379310344827587 0.9886363636363636 87 1 
15700 1587 18.453488372093023 0.9662921348314607 86 3 
15800 2024 21.305263157894736 0.9895833333333334 95 1 
15900 2163 20.798076923076923 0.9811320754716981 104 2 
16000 1592 18.729411764705883 0.9659090909090909 85 3 
16100 1464 17.853658536585368 0.9761904761904762 82 2 
16200 1220 17.681159420289855 0.9583333333333334 69 3 
16300 1325 16.987179487179485 0.975 78 2 
16400 1410 16.58823529411765 0.9770114942528736 85 2 
16500 1645 20.0609756097561 0.9534883720930233 82 4 
16600 1607 20.0875 0.9876543209876543 80 1 
16700 1023 15.26865671641791 0.9852941176470589 67 1 
16801 1811 17.58252427184466 0.9809523809523809 103 2 
16900 1570 20.933333333333334 1.0 75 0 
17000 1867 19.051020408163264 0.98 98 2 
17100 1805 20.74712643678161 1.0 87 0 
17200 1465 17.865853658536587 1.0 82 0 
17300 1698 18.866666666666667 0.989010989010989 90 1 
17400 1660 19.529411764705884 0.9770114942528736 85 2 
17500 1575 18.529411764705884 0.9883720930232558 85 1 
17600 1623 20.544303797468356 0.9753086419753086 79 2 
17701 1968 23.710843373493976 0.9880952380952381 83 1 
17800 1686 18.9438202247191 0.9888888888888889 89 1 
17900 1526 16.76923076923077 0.9578947368421052 91 4 
18000 1341 15.238636363636363 0.9887640449438202 88 1 
18100 1392 15.640449438202246 0.9888888888888889 89 1 
18201 1390 19.305555555555557 0.9863013698630136 72 1 
18300 1576 16.76595744680851 0.9591836734693877 94 4 
18400 1589 19.617283950617285 0.9878048780487805 81 1 
18500 1947 22.905882352941177 0.9883720930232558 85 1 
18600 1174 16.771428571428572 1.0 70 0 
18700 1672 20.390243902439025 0.9879518072289156 82 1 
18800 1605 18.662790697674417 0.9885057471264368 86 1 
18900 1964 19.067961165048544 0.9903846153846154 103 1 
19000 1637 18.18888888888889 1.0 90 0 
19100 1767 21.548780487804876 0.9761904761904762 82 2 
19200 1736 22.545454545454547 0.9746835443037974 77 2 
19300 1537 18.08235294117647 0.9770114942528736 85 2 
19400 1825 17.38095238095238 1.0 105 0 
19500 1701 19.1123595505618 0.978021978021978 89 2 
19600 1389 18.52 0.9868421052631579 75 1 
19700 1188 15.428571428571429 1.0 77 0 
19800 1694 16.77227722772277 0.9901960784313726 101 1 
19900 1552 19.4 0.963855421686747 80 3 
20000 1447 15.393617021276595 1.0 94 0 
20100 1567 18.654761904761905 0.9882352941176471 84 1 
20200 1439 16.352272727272727 0.9887640449438202 88 1 
20300 1790 17.722772277227723 0.9711538461538461 101 3 
20400 1634 19.0 0.9555555555555556 86 4 
20500 1291 18.442857142857143 1.0 70 0 
20600 1743 18.15625 0.9795918367346939 96 2 
20700 1939 19.785714285714285 0.98 98 2 
20800 1419 19.438356164383563 0.9733333333333334 73 2 
20900 1345 18.175675675675677 0.9736842105263158 74 2 
21000 1607 19.36144578313253 0.9880952380952381 83 1 
21100 1553 17.647727272727273 0.9777777777777777 88 2 
21200 1482 18.759493670886076 0.9875 79 1 
21300 1613 20.948051948051948 0.9625 77 3 
21400 1501 18.530864197530864 0.9878048780487805 81 1 
21500 1800 18.0 0.9615384615384616 100 4 
21600 1740 20.470588235294116 0.9659090909090909 85 3 
21701 1992 23.162790697674417 0.9662921348314607 86 3 
21800 2056 20.979591836734695 0.98 98 2 
21900 1537 18.518072289156628 0.9651162790697675 83 3 
22001 1803 21.464285714285715 1.0 84 0 
22100 1796 19.106382978723403 1.0 94 0 
22200 1866 20.505494505494507 0.978494623655914 91 2 
22300 1655 17.795698924731184 0.9587628865979382 93 4 
22400 1269 16.69736842105263 0.926829268292683 76 6 
22500 1458 18.692307692307693 0.9873417721518988 78 1 
22600 1445 18.0625 0.9876543209876543 80 1 
22700 1686 18.129032258064516 0.96875 93 3 
22800 1372 15.953488372093023 0.9885057471264368 86 1 
22900 1911 21.233333333333334 0.989010989010989 90 1 
23001 1646 19.36470588235294 0.9659090909090909 85 3 
23100 2038 21.913978494623656 1.0 93 0 
23200 2045 21.526315789473685 0.9595959595959596 95 4 
23300 2323 23.70408163265306 0.98 98 2 
23400 1826 18.632653061224488 0.98989898989899 98 1 
23500 1449 21.62686567164179 0.9710144927536232 67 2 
23600 1959 19.78787878787879 0.9611650485436893 99 4 
23700 1505 19.294871794871796 0.975 78 2 
23801 1300 14.772727272727273 1.0 88 0 
23901 1707 18.35483870967742 0.9893617021276596 93 1 
24000 1532 18.682926829268293 0.9318181818181818 82 6 
24100 1772 20.136363636363637 0.9887640449438202 88 1 
24200 1352 15.540229885057471 0.9886363636363636 87 1 
24300 2004 19.45631067961165 0.9809523809523809 103 2 
24401 2063 19.10185185185185 1.0 108 0 
24500 1969 20.510416666666668 0.9896907216494846 96 1 
24600 2159 22.726315789473684 0.979381443298969 95 2 
24700 1108 15.178082191780822 1.0 73 0 
24801 1786 19.41304347826087 0.989247311827957 92 1 
24900 1606 17.456521739130434 1.0 92 0 
25000 1681 19.546511627906977 0.9885057471264368 86 1 
