2 0 0.0 0.0 0 0 
100 0 0.0 0.0 0 0 
200 0 0.0 0.0 0 0 
300 0 0.0 0.0 0 0 
400 0 0.0 0.0 0 0 
500 0 0.0 0.0 0 0 
600 0 0.0 0.0 0 0 
700 0 0.0 0.0 0 0 
800 78 15.6 1.0 5 0 
900 451 20.5 0.9166666666666666 22 2 
1000 767 23.96875 0.8421052631578947 32 6 
1100 795 18.488372093023255 0.7818181818181819 43 12 
1200 1526 37.21951219512195 0.803921568627451 41 10 
1300 1968 37.132075471698116 0.7910447761194029 53 14 
1400 1954 29.16417910447761 0.9436619718309859 67 4 
1500 2417 31.38961038961039 0.875 77 11 
1600 2528 32.83116883116883 0.9058823529411765 77 8 
1700 2753 34.848101265822784 0.9186046511627907 79 7 
1800 2501 30.5 0.9213483146067416 82 7 
1901 2342 31.64864864864865 0.891566265060241 74 9 
2000 2815 31.629213483146067 0.8640776699029126 89 14 
2100 2788 31.681818181818183 0.8888888888888888 88 11 
2200 2446 33.054054054054056 0.9024390243902439 74 8 
2300 2670 28.404255319148938 0.9215686274509803 94 8 
2400 2491 31.531645569620252 0.9753086419753086 79 2 
2500 3100 27.43362831858407 0.9338842975206612 113 8 
2600 2259 29.723684210526315 0.8837209302325582 76 10 
2700 2175 28.246753246753247 0.9058823529411765 77 8 
2800 3301 35.11702127659574 0.9306930693069307 94 7 
2900 2519 37.59701492537314 0.9710144927536232 67 2 
3000 2487 30.329268292682926 0.8913043478260869 82 10 
3100 2759 31.352272727272727 0.9072164948453608 88 9 
3200 1471 19.103896103896105 0.9058823529411765 77 8 
3300 2533 26.66315789473684 0.9595959595959596 95 4 
3400 3070 31.979166666666668 0.9504950495049505 96 5 
3501 2532 28.133333333333333 0.8571428571428571 90 15 
3601 2953 30.760416666666668 0.897196261682243 96 11 
3700 2360 28.78048780487805 0.9318181818181818 82 6 
3800 2648 29.42222222222222 0.9183673469387755 90 8 
3901 2565 31.666666666666668 0.8901098901098901 81 10 
4000 2501 28.420454545454547 0.9361702127659575 88 6 
4100 2273 28.4125 0.963855421686747 80 3 
4200 2886 31.369565217391305 0.8932038834951457 92 11 
4300 2806 29.851063829787233 0.9038461538461539 94 10 
4400 2759 29.666666666666668 0.9587628865979382 93 4 
4500 3202 34.43010752688172 0.9393939393939394 93 6 
4600 2890 35.24390243902439 0.9534883720930233 82 4 
4700 2698 31.011494252873565 0.9354838709677419 87 6 
4801 3078 28.5 0.9310344827586207 108 8 
4900 2603 31.74390243902439 0.9318181818181818 82 6 
5001 2553 33.5921052631579 0.926829268292683 76 6 
5101 3073 28.7196261682243 0.9224137931034483 107 9 
5200 2342 27.232558139534884 0.8958333333333334 86 10 
5300 2973 35.392857142857146 0.9230769230769231 84 7 
5400 2240 27.65432098765432 0.9101123595505618 81 8 
5500 2558 29.068181818181817 0.9565217391304348 88 4 
5600 2044 27.62162162162162 0.8505747126436781 74 13 
5700 2989 32.84615384615385 0.883495145631068 91 12 
5800 2740 25.137614678899084 0.9478260869565217 109 6 
5900 2628 29.863636363636363 0.9166666666666666 88 8 
6000 2740 26.601941747572816 0.9716981132075472 103 3 
6100 2425 29.216867469879517 0.9222222222222223 83 7 
6200 2960 31.48936170212766 0.9215686274509803 94 8 
6300 3122 31.22 0.9174311926605505 100 9 
6400 2392 25.4468085106383 0.9494949494949495 94 5 
6500 2705 34.67948717948718 0.9285714285714286 78 6 
6600 3319 35.308510638297875 0.9591836734693877 94 4 
6700 2560 32.82051282051282 0.9285714285714286 78 6 
6800 3424 35.666666666666664 0.9320388349514563 96 7 
6900 2521 31.5125 0.9523809523809523 80 4 
7000 2116 30.228571428571428 0.8974358974358975 70 8 
7100 2643 33.45569620253165 0.8681318681318682 79 12 
7200 3192 32.90721649484536 0.9509803921568627 97 5 
7300 2693 30.95402298850575 0.9354838709677419 87 6 
7400 2744 35.63636363636363 0.9390243902439024 77 5 
7500 2862 33.67058823529412 0.9239130434782609 85 7 
7600 2546 30.30952380952381 0.9333333333333333 84 6 
7700 2529 30.841463414634145 0.8913043478260869 82 10 
7800 2678 30.431818181818183 0.9166666666666666 88 8 
7900 2001 21.98901098901099 0.9191919191919192 91 8 
8000 2575 27.688172043010752 0.9117647058823529 93 9 
8100 1804 25.408450704225352 0.8875 71 9 
8201 2981 35.48809523809524 0.9438202247191011 84 5 
8300 2575 32.1875 0.9195402298850575 80 7 
8400 2615 34.86666666666667 0.9493670886075949 75 4 
8501 2249 26.151162790697676 0.9052631578947369 86 9 
8600 1999 29.397058823529413 0.8947368421052632 68 8 
8700 2283 28.185185185185187 0.9642857142857143 81 3 
8800 3340 36.7032967032967 0.9191919191919192 91 8 
8900 2305 31.575342465753426 0.9240506329113924 73 6 
9000 2528 32.83116883116883 0.8850574712643678 77 10 
9101 2958 30.183673469387756 0.9158878504672897 98 9 
9200 2562 33.71052631578947 0.8941176470588236 76 9 
9300 2718 35.298701298701296 0.9058823529411765 77 8 
9400 3023 36.86585365853659 0.9213483146067416 82 7 
9500 2944 32.0 0.968421052631579 92 3 
9600 2856 28.56 0.9174311926605505 100 9 
9700 2653 34.9078947368421 0.9047619047619048 76 8 
9801 2502 30.14457831325301 0.8829787234042553 83 11 
9900 2072 24.96385542168675 0.9222222222222223 83 7 
10000 1965 26.554054054054053 0.8705882352941177 74 11 
10100 2326 30.207792207792206 0.9625 77 3 
10200 2323 25.25 0.9484536082474226 92 5 
10300 2057 29.385714285714286 0.958904109589041 70 3 
10400 1848 23.39240506329114 0.8876404494382022 79 10 
10500 2533 29.8 0.8673469387755102 85 13 
10600 2652 33.15 0.898876404494382 80 9 
10700 2407 32.527027027027025 0.925 74 6 
10801 2307 30.355263157894736 0.9620253164556962 76 3 
10901 2837 32.23863636363637 0.9263157894736842 88 7 
11000 2289 28.974683544303797 0.8977272727272727 79 9 
11100 2166 28.5 0.9743589743589743 76 2 
11200 2783 35.67948717948718 0.9176470588235294 78 7 
11301 3079 33.10752688172043 0.8857142857142857 93 12 
11400 2632 32.9 0.9302325581395349 80 6 
11500 2411 26.494505494505493 0.9381443298969072 91 6 
11600 2601 28.582417582417584 0.8921568627450981 91 11 
11700 2603 31.36144578313253 0.9540229885057471 83 4 
11800 2781 30.22826086956522 0.8761904761904762 92 13 
11900 2280 28.5 0.8695652173913043 80 12 
12000 2528 29.057471264367816 0.8969072164948454 87 10 
12100 2142 27.46153846153846 0.8764044943820225 78 11 
12200 2322 27.97590361445783 0.9431818181818182 83 5 
12300 2197 33.8 0.9154929577464789 65 6 
12400 2172 27.846153846153847 0.8571428571428571 78 13 
12501 2456 26.408602150537636 0.9029126213592233 93 10 
12600 2260 28.60759493670886 0.9404761904761905 79 5 
12700 3198 31.663366336633665 0.8938053097345132 101 12 
12800 2626 31.261904761904763 0.9130434782608695 84 8 
12900 3082 34.24444444444445 0.9183673469387755 90 8 
13000 2307 32.957142857142856 0.9210526315789473 70 6 
13101 1996 26.263157894736842 0.926829268292683 76 6 
13200 2390 29.146341463414632 0.8631578947368421 82 13 
13300 2990 33.59550561797753 0.9081632653061225 89 9 
13400 3391 38.10112359550562 0.9175257731958762 89 8 
13500 2262 27.585365853658537 0.8817204301075269 82 11 
13600 2806 29.851063829787233 0.9494949494949495 94 5 
13700 2858 30.731182795698924 0.9207920792079208 93 8 
13800 2888 30.72340425531915 0.94 94 6 
13900 2193 29.635135135135137 0.9024390243902439 74 8 
14000 2960 30.833333333333332 0.9142857142857143 96 9 
14100 2748 29.23404255319149 0.9690721649484536 94 3 
14201 3239 30.847619047619048 0.9292035398230089 105 8 
14301 1998 21.483870967741936 0.9117647058823529 93 9 
14400 2412 29.06024096385542 0.9222222222222223 83 7 
14500 2043 30.044117647058822 0.9444444444444444 68 4 
14600 2871 38.28 0.8823529411764706 75 10 
14700 2109 27.03846153846154 0.9285714285714286 78 6 
14800 2132 27.333333333333332 0.9285714285714286 78 6 
14901 2735 32.55952380952381 0.9438202247191011 84 5 
15000 2291 32.267605633802816 0.8160919540229885 71 16 
15100 2357 27.091954022988507 0.9560439560439561 87 4 
15200 2740 31.86046511627907 0.9555555555555556 86 4 
15300 3091 32.88297872340426 0.9690721649484536 94 3 
15400 2822 30.344086021505376 0.8857142857142857 93 12 
15500 1920 26.301369863013697 0.9240506329113924 73 6 
15600 2919 35.59756097560975 0.9111111111111111 82 8 
15701 2595 32.848101265822784 0.9186046511627907 79 7 
15800 2701 31.04597701149425 0.9157894736842105 87 8 
15901 2169 28.16883116883117 0.9506172839506173 77 4 
16000 1792 25.239436619718308 0.8875 71 9 
16100 1659 24.761194029850746 0.881578947368421 67 9 
16200 2620 30.823529411764707 0.9340659340659341 85 6 
16300 2457 25.071428571428573 0.9514563106796117 98 5 
16401 2439 27.40449438202247 0.9368421052631579 89 6 
16500 2328 29.1 0.8695652173913043 80 12 
16600 3200 32.6530612244898 0.8909090909090909 98 12 
16700 2927 29.867346938775512 0.9607843137254902 98 4 
16800 2287 29.7012987012987 0.9058823529411765 77 8 
16900 2392 28.476190476190474 0.875 84 12 
17000 1947 24.96153846153846 0.9285714285714286 78 6 
17100 2527 27.76923076923077 0.9285714285714286 91 7 
17200 2829 33.28235294117647 0.8854166666666666 85 11 
17300 2509 30.228915662650603 0.8736842105263158 83 12 
17400 2964 32.93333333333333 0.9183673469387755 90 8 
17500 2289 26.929411764705883 0.8947368421052632 85 10 
17600 3378 30.70909090909091 0.9322033898305084 110 8 
17700 2804 29.829787234042552 0.9215686274509803 94 8 
17800 2115 24.88235294117647 0.8673469387755102 85 13 
17900 2445 28.103448275862068 0.9354838709677419 87 6 
18001 2608 29.977011494252874 0.9354838709677419 87 6 
18100 2756 34.02469135802469 0.9418604651162791 81 5 
18200 2251 27.790123456790123 0.9642857142857143 81 3 
18300 2015 27.98611111111111 0.96 72 3 
18400 2020 28.450704225352112 0.9342105263157895 71 5 
18500 2417 27.15730337078652 0.9175257731958762 89 8 
18600 2392 29.9 0.9523809523809523 80 4 
18700 2788 31.681818181818183 0.9565217391304348 88 4 
18800 1477 20.802816901408452 0.8352941176470589 71 14 
18900 1900 24.358974358974358 0.9285714285714286 78 6 
19000 2000 23.80952380952381 0.9130434782608695 84 8 
19100 2116 25.804878048780488 0.9534883720930233 82 4 
19200 2786 28.428571428571427 0.9333333333333333 98 7 
19300 2151 28.30263157894737 0.95 76 4 
19400 3585 35.495049504950494 0.926605504587156 101 8 
19500 2218 26.404761904761905 0.9032258064516129 84 9 
19600 2270 31.095890410958905 0.9125 73 7 
19700 2577 28.633333333333333 0.9278350515463918 90 7 
19800 2331 25.9 0.9473684210526315 90 5 
19900 2192 27.746835443037973 0.9634146341463414 79 3 
20000 2798 36.33766233766234 0.9390243902439024 77 5 
20100 1308 19.52238805970149 1.0 67 0 
20200 2610 31.44578313253012 0.9431818181818182 83 5 
20300 2285 29.294871794871796 0.9397590361445783 78 5 
20400 3036 31.298969072164947 0.9238095238095239 97 8 
20501 2674 28.147368421052633 0.9047619047619048 95 10 
20600 2447 30.974683544303797 0.8977272727272727 79 9 
20701 2368 28.878048780487806 0.8913043478260869 82 10 
20800 1839 22.9875 0.898876404494382 80 9 
20900 3044 31.38144329896907 0.8981481481481481 97 11 
21000 2784 30.933333333333334 0.9 90 10 
21100 2853 32.42045454545455 0.9166666666666666 88 8 
21200 2182 28.337662337662337 0.8953488372093024 77 9 
21300 2059 23.666666666666668 0.9456521739130435 87 5 
21400 2102 27.2987012987013 0.9166666666666666 77 7 
21500 2876 30.9247311827957 0.9207920792079208 93 8 
21600 2487 28.586206896551722 0.90625 87 9 
21701 2650 31.927710843373493 0.9021739130434783 83 9 
21800 2712 32.674698795180724 0.9325842696629213 83 6 
21900 3139 33.3936170212766 0.8952380952380953 94 11 
22000 2679 32.27710843373494 0.9021739130434783 83 9 
22101 2678 29.108695652173914 0.9019607843137255 92 10 
22200 2997 31.21875 0.9142857142857143 96 9 
22300 2806 36.921052631578945 0.926829268292683 76 6 
22400 1945 25.592105263157894 0.8735632183908046 76 11 
22500 2167 27.0875 0.9302325581395349 80 6 
22600 2175 28.61842105263158 0.95 76 4 
22700 2947 35.9390243902439 0.8723404255319149 82 12 
22801 2773 33.40963855421687 0.9325842696629213 83 6 
22900 1919 27.028169014084508 0.8987341772151899 71 8 
23000 2760 33.65853658536585 0.9534883720930233 82 4 
23100 2057 30.70149253731343 0.9305555555555556 67 5 
23201 2528 29.3953488372093 0.9148936170212766 86 8 
23300 3243 35.637362637362635 0.875 91 13 
23400 3309 33.765306122448976 0.9245283018867925 98 8 
23501 3387 33.53465346534654 0.9439252336448598 101 6 
23600 2628 31.285714285714285 0.8842105263157894 84 11 
23701 2766 33.73170731707317 0.9213483146067416 82 7 
23800 2232 30.16216216216216 0.925 74 6 
23900 3438 36.57446808510638 0.9038461538461539 94 10 
24000 2197 23.126315789473683 0.9313725490196079 95 7 
24100 2814 31.977272727272727 0.9072164948453608 88 9 
24200 1817 25.591549295774648 0.922077922077922 71 6 
24300 2868 30.838709677419356 0.9393939393939394 93 6 
24400 2388 31.42105263157895 0.8941176470588236 76 9 
24500 1893 26.661971830985916 0.8987341772151899 71 8 
24601 2271 26.406976744186046 0.9148936170212766 86 8 
24700 2073 25.9125 0.8602150537634409 80 13 
24800 2938 33.770114942528735 0.9157894736842105 87 8 
24900 2253 27.475609756097562 0.9318181818181818 82 6 
25000 1918 26.63888888888889 0.9113924050632911 72 7 
25100 1801 25.728571428571428 0.8974358974358975 70 8 
25200 2816 31.288888888888888 0.9375 90 6 
25300 2193 27.074074074074073 0.9204545454545454 81 7 
25400 1968 31.741935483870968 0.8985507246376812 62 7 
25500 2127 26.924050632911392 0.9634146341463414 79 3 
25601 3044 37.1219512195122 0.9213483146067416 82 7 
25700 3158 32.224489795918366 0.98 98 2 
25800 2312 27.2 0.9139784946236559 85 8 
25900 2562 35.583333333333336 0.8888888888888888 72 9 
26000 2794 31.044444444444444 0.9278350515463918 90 7 
26100 2620 30.114942528735632 0.9456521739130435 87 5 
26200 2983 31.73404255319149 0.8952380952380953 94 11 
26300 2774 31.168539325842698 0.9270833333333334 89 7 
26400 3333 33.33 0.9345794392523364 100 7 
26500 2271 31.10958904109589 0.9012345679012346 73 8 
26600 2993 30.540816326530614 0.9702970297029703 98 3 
26700 2307 24.54255319148936 0.9306930693069307 94 7 
26800 2657 29.853932584269664 0.9270833333333334 89 7 
26900 2642 31.452380952380953 0.9545454545454546 84 4 
27000 2084 28.944444444444443 0.9473684210526315 72 4 
27100 2343 29.2875 0.8888888888888888 80 10 
27200 1946 25.946666666666665 0.9259259259259259 75 6 
27300 2737 30.41111111111111 0.9375 90 6 
27400 2115 27.82894736842105 0.9620253164556962 76 3 
27500 2443 30.924050632911392 0.9080459770114943 79 8 
27600 2332 26.202247191011235 0.9175257731958762 89 8 
27700 3149 33.86021505376344 0.9117647058823529 93 9 
27801 2504 30.536585365853657 0.9213483146067416 82 7 
27900 2087 27.103896103896105 0.8461538461538461 77 14 
28001 2454 30.296296296296298 0.8709677419354839 81 12 
28100 3020 33.18681318681319 0.9381443298969072 91 6 
28200 2368 30.753246753246753 0.9058823529411765 77 8 
28301 3117 32.46875 0.96 96 4 
28400 2537 31.320987654320987 0.9204545454545454 81 7 
28500 2068 26.17721518987342 0.9404761904761905 79 5 
28600 2678 31.50588235294118 0.9340659340659341 85 6 
28700 2620 27.872340425531913 0.912621359223301 94 9 
28801 2372 26.954545454545453 0.88 88 12 
28900 2149 27.20253164556962 0.9294117647058824 79 6 
29000 3059 33.98888888888889 0.8823529411764706 90 12 
29100 2643 28.419354838709676 0.8691588785046729 93 14 
29201 2855 30.698924731182796 0.9029126213592233 93 10 
29300 2264 29.789473684210527 0.9156626506024096 76 7 
29400 2598 32.074074074074076 0.9529411764705882 81 4 
29500 3321 33.88775510204081 0.9245283018867925 98 8 
29600 2504 30.91358024691358 0.9310344827586207 81 6 
29700 2485 32.69736842105263 0.9156626506024096 76 7 
29800 2408 35.411764705882355 0.9444444444444444 68 4 
29900 2489 32.75 0.926829268292683 76 6 
30000 2415 37.15384615384615 0.8904109589041096 65 8 
