3 0 0.0 0.0 0 0 
101 0 0.0 0.0 0 0 
200 0 0.0 0.0 0 0 
300 0 0.0 0.0 0 0 
400 0 0.0 0.0 0 0 
500 0 0.0 0.0 0 0 
600 0 0.0 0.0 0 0 
700 2 2.0 1.0 1 0 
800 178 17.8 0.9090909090909091 10 1 
900 430 47.77777777777778 0.8181818181818182 9 2 
1000 547 17.64516129032258 0.9117647058823529 31 3 
1100 1161 34.14705882352941 0.8095238095238095 34 8 
1200 1074 22.375 0.7619047619047619 48 15 
1300 1336 28.425531914893618 0.8103448275862069 47 11 
1400 1650 28.448275862068964 0.8787878787878788 58 8 
1500 2087 28.98611111111111 0.935064935064935 72 5 
1600 3067 33.33695652173913 0.9387755102040817 92 6 
1700 3024 33.23076923076923 0.91 91 9 
1801 2449 31.397435897435898 0.9069767441860465 78 8 
1900 2512 33.945945945945944 0.925 74 6 
2000 2880 34.69879518072289 0.9764705882352941 83 2 
2100 3479 35.14141414141414 0.9252336448598131 99 8 
2200 2428 28.232558139534884 0.9555555555555556 86 4 
2300 1679 26.234375 0.8767123287671232 64 9 
2400 1924 26.0 0.8705882352941177 74 11 
2500 2489 28.28409090909091 0.9361702127659575 88 6 
2600 2752 29.91304347826087 0.92 92 8 
2700 2371 26.943181818181817 0.9361702127659575 88 6 
2800 2506 31.325 0.9411764705882353 80 5 
2900 2243 29.513157894736842 0.9382716049382716 76 5 
3000 2971 36.23170731707317 0.9425287356321839 82 5 
3100 2051 29.72463768115942 0.9078947368421053 69 7 
3200 2166 25.785714285714285 0.9230769230769231 84 7 
3300 2114 28.56756756756757 0.8314606741573034 74 15 
3400 2219 26.734939759036145 0.9651162790697675 83 3 
3500 2165 36.69491525423729 0.8805970149253731 59 8 
3600 2155 28.355263157894736 0.8539325842696629 76 13 
3700 2105 29.23611111111111 0.9473684210526315 72 4 
3800 3103 33.72826086956522 0.9387755102040817 92 6 
3900 2857 30.393617021276597 0.9494949494949495 94 5 
4000 1901 23.7625 0.8602150537634409 80 13 
4100 2206 27.575 0.9090909090909091 80 8 
4200 2251 27.790123456790123 0.9204545454545454 81 7 
4300 2342 32.985915492957744 0.8658536585365854 71 11 
4400 2079 23.896551724137932 0.9456521739130435 87 5 
4500 2198 27.475 0.9411764705882353 80 5 
4600 2750 31.60919540229885 0.90625 87 9 
4700 2430 29.27710843373494 0.9540229885057471 83 4 
4801 1770 21.071428571428573 0.8936170212765957 84 10 
4900 1894 26.305555555555557 0.8674698795180723 72 11 
5000 2306 33.42028985507246 0.8846153846153846 69 9 
5100 2155 27.98701298701299 0.9058823529411765 77 8 
5200 2178 29.04 0.9146341463414634 75 7 
5301 2490 28.620689655172413 0.90625 87 9 
5400 2348 28.987654320987655 0.8901098901098901 81 10 
5500 2091 27.88 0.8426966292134831 75 14 
5600 2916 34.714285714285715 0.9438202247191011 84 5 
5700 2120 25.542168674698797 0.9325842696629213 83 6 
5800 1948 26.684931506849313 0.948051948051948 73 4 
5900 2050 29.71014492753623 0.8625 69 11 
6000 2163 26.378048780487806 0.9534883720930233 82 4 
6100 2154 26.26829268292683 0.9318181818181818 82 6 
6200 2704 35.116883116883116 0.9390243902439024 77 5 
6300 3662 39.376344086021504 0.93 93 7 
6401 2792 31.022222222222222 0.9473684210526315 90 5 
6500 1873 27.544117647058822 0.8947368421052632 68 8 
6600 2544 29.24137931034483 0.9666666666666667 87 3 
6700 2901 30.861702127659573 0.8952380952380953 94 11 
6800 2945 35.48192771084337 0.8829787234042553 83 11 
6900 2828 29.768421052631577 0.9693877551020408 95 3 
7000 1891 25.904109589041095 0.9012345679012346 73 8 
7100 2393 29.9125 0.8695652173913043 80 12 
7200 2520 29.647058823529413 0.9239130434782609 85 7 
7300 1751 26.53030303030303 0.9295774647887324 66 5 
7400 2603 34.25 0.9047619047619048 76 8 
7500 2577 28.633333333333333 0.9183673469387755 90 8 
7600 2629 32.0609756097561 0.8817204301075269 82 11 
7700 2465 30.0609756097561 0.8723404255319149 82 12 
7800 2505 31.70886075949367 0.9294117647058824 79 6 
7900 2302 29.139240506329113 0.9294117647058824 79 6 
8000 2690 29.23913043478261 0.9292929292929293 92 7 
8100 2323 27.654761904761905 0.9032258064516129 84 9 
8200 1951 25.337662337662337 0.8651685393258427 77 12 
8300 2152 27.58974358974359 0.8571428571428571 78 13 
8401 2528 29.3953488372093 0.9347826086956522 86 6 
8500 2453 27.875 0.946236559139785 88 5 
8600 2482 32.6578947368421 0.926829268292683 76 6 
8700 2390 25.425531914893618 0.9591836734693877 94 4 
8800 2245 24.944444444444443 0.9375 90 6 
8901 2590 35.97222222222222 0.8888888888888888 72 9 
9001 1928 25.36842105263158 0.8941176470588236 76 9 
9100 2032 27.835616438356166 0.9012345679012346 73 8 
9200 2448 29.853658536585368 0.8817204301075269 82 11 
9300 1791 23.88 0.9036144578313253 75 8 
9400 2170 27.82051282051282 0.9512195121951219 78 4 
9500 2147 25.258823529411764 0.9340659340659341 85 6 
9600 2542 31.0 0.9213483146067416 82 7 
9700 2189 24.322222222222223 0.8910891089108911 90 11 
9800 2023 29.75 0.9066666666666666 68 7 
9900 2424 37.292307692307695 0.8904109589041096 65 8 
10001 2753 35.753246753246756 0.9058823529411765 77 8 
10100 2297 30.626666666666665 0.9146341463414634 75 7 
10200 1693 25.651515151515152 0.8918918918918919 66 8 
10300 1960 26.486486486486488 0.9024390243902439 74 8 
10400 2755 29.945652173913043 0.8932038834951457 92 11 
10500 2086 24.833333333333332 0.9438202247191011 84 5 
10600 2266 28.68354430379747 0.9186046511627907 79 7 
10700 2017 24.597560975609756 0.9425287356321839 82 5 
10800 2738 29.76086956521739 0.9019607843137255 92 10 
10901 2328 26.75862068965517 0.9354838709677419 87 6 
11000 3093 35.14772727272727 0.9361702127659575 88 6 
11101 2308 24.817204301075268 0.9393939393939394 93 6 
11200 2360 27.126436781609197 0.90625 87 9 
11300 2343 30.03846153846154 0.9069767441860465 78 8 
11400 2283 29.649350649350648 0.9390243902439024 77 5 
11500 2667 28.677419354838708 0.9207920792079208 93 8 
11600 2243 27.691358024691358 0.9101123595505618 81 8 
11700 2361 25.387096774193548 0.93 93 7 
11800 2481 32.22077922077922 0.9390243902439024 77 5 
11900 1861 23.556962025316455 0.8777777777777778 79 11 
12000 2217 28.792207792207794 0.875 77 11 
12100 2113 21.13 0.9259259259259259 100 8 
12200 3319 35.308510638297875 0.9690721649484536 94 3 
12300 2732 27.04950495049505 0.9099099099099099 101 10 
12400 2270 28.734177215189874 0.9080459770114943 79 8 
12500 2201 29.743243243243242 0.9367088607594937 74 5 
12600 2588 29.74712643678161 0.9666666666666667 87 3 
12700 1895 25.266666666666666 0.9036144578313253 75 8 
12801 2196 27.79746835443038 0.9294117647058824 79 6 
12900 1861 26.971014492753625 0.8961038961038961 69 8 
13000 1979 24.7375 0.8888888888888888 80 10 
13100 1971 26.635135135135137 0.8604651162790697 74 12 
13200 2728 29.652173913043477 0.8761904761904762 92 13 
13300 1967 25.21794871794872 0.9069767441860465 78 8 
13400 1617 24.876923076923077 0.9420289855072463 65 4 
13500 2434 28.63529411764706 0.8947368421052632 85 10 
13600 3653 35.46601941747573 0.9035087719298246 103 11 
13700 2974 34.98823529411764 0.9239130434782609 85 7 
13800 2575 29.941860465116278 0.945054945054945 86 5 
13900 2900 36.70886075949367 0.9404761904761905 79 5 
14000 2073 24.678571428571427 0.9438202247191011 84 5 
14100 1995 27.328767123287673 0.9358974358974359 73 5 
14200 2791 38.763888888888886 0.96 72 3 
14300 2195 25.823529411764707 0.9444444444444444 85 5 
14400 2371 24.697916666666668 0.9504950495049505 96 5 
14500 2766 30.065217391304348 0.9292929292929293 92 7 
14600 1823 25.319444444444443 0.935064935064935 72 5 
14700 1989 27.625 0.8888888888888888 72 9 
14800 2349 27.964285714285715 0.9767441860465116 84 2 
14900 3128 35.146067415730336 0.9368421052631579 89 6 
15000 2608 28.977777777777778 0.9278350515463918 90 7 
15100 2741 31.147727272727273 0.88 88 12 
15200 2178 25.03448275862069 0.9666666666666667 87 3 
15300 2293 25.197802197802197 0.8921568627450981 91 11 
15400 2287 34.134328358208954 0.9054054054054054 67 7 
15500 2386 28.070588235294117 0.8585858585858586 85 14 
15600 1785 25.140845070422536 0.8875 71 9 
15700 2528 30.457831325301203 0.9540229885057471 83 4 
15800 2043 26.532467532467532 0.9506172839506173 77 4 
15900 2250 24.725274725274726 0.9381443298969072 91 6 
16000 2339 30.776315789473685 0.8351648351648352 76 15 
16100 2136 22.72340425531915 0.94 94 6 
16200 2935 36.6875 0.8888888888888888 80 10 
16300 2096 26.871794871794872 0.9397590361445783 78 5 
16400 2285 29.675324675324674 0.927710843373494 77 6 
16500 1880 26.857142857142858 0.9459459459459459 70 4 
16600 2083 26.705128205128204 0.9069767441860465 78 8 
16700 1898 24.025316455696203 0.8876404494382022 79 10 
16800 2086 24.25581395348837 0.9772727272727273 86 2 
16900 2216 28.41025641025641 0.8666666666666667 78 12 
17000 2644 34.33766233766234 0.8953488372093024 77 9 
17100 1780 23.733333333333334 0.9615384615384616 75 3 
17200 2568 31.317073170731707 0.9647058823529412 82 3 
17301 2411 28.36470588235294 0.8947368421052632 85 10 
17400 2251 28.1375 0.9302325581395349 80 6 
17500 2273 27.3855421686747 0.9222222222222223 83 7 
17600 2344 26.044444444444444 0.9278350515463918 90 7 
17700 2008 25.417721518987342 0.9404761904761905 79 5 
17800 2134 25.710843373493976 0.9325842696629213 83 6 
17900 2155 29.12162162162162 0.925 74 6 
18000 2366 33.8 0.8641975308641975 70 11 
18101 2563 32.0375 0.9302325581395349 80 6 
18200 1931 25.407894736842106 0.9047619047619048 76 8 
18300 2550 34.93150684931507 0.8795180722891566 73 10 
18400 3035 34.48863636363637 0.9263157894736842 88 7 
18500 2321 29.379746835443036 0.8777777777777778 79 11 
18600 2799 31.806818181818183 0.8888888888888888 88 11 
18700 2263 27.938271604938272 0.9 81 9 
18801 1743 21.51851851851852 0.9418604651162791 81 5 
18900 2582 33.973684210526315 0.8941176470588236 76 9 
19000 2602 28.282608695652176 0.9387755102040817 92 6 
19100 2660 33.67088607594937 0.8977272727272727 79 9 
19200 2314 34.029411764705884 0.9577464788732394 68 3 
19300 2108 27.025641025641026 0.9176470588235294 78 7 
19400 2448 28.46511627906977 0.9347826086956522 86 6 
19500 2165 24.602272727272727 0.9263157894736842 88 7 
19601 2517 32.26923076923077 0.9397590361445783 78 5 
19700 2512 31.012345679012345 0.9101123595505618 81 8 
19800 3035 35.2906976744186 0.9555555555555556 86 4 
19900 2505 30.180722891566266 0.9120879120879121 83 8 
20000 2148 28.64 0.9375 75 5 
20100 2613 30.38372093023256 0.9555555555555556 86 4 
20200 2119 25.841463414634145 0.9761904761904762 82 2 
20300 2387 27.125 0.946236559139785 88 5 
20400 1962 24.22222222222222 0.9204545454545454 81 7 
20501 2466 28.344827586206897 0.925531914893617 87 7 
20601 2268 27.325301204819276 0.9540229885057471 83 4 
20700 2243 29.12987012987013 0.8461538461538461 77 14 
20800 2820 29.68421052631579 0.8715596330275229 95 14 
20900 2595 27.606382978723403 0.94 94 6 
21000 2425 28.529411764705884 0.9239130434782609 85 7 
21100 2343 27.24418604651163 0.8514851485148515 86 15 
21201 2035 29.071428571428573 0.8974358974358975 70 8 
21300 2189 27.3625 0.8791208791208791 80 11 
21400 2301 26.75581395348837 0.8865979381443299 86 11 
21500 2356 30.205128205128204 0.9512195121951219 78 4 
21600 2211 26.63855421686747 0.9222222222222223 83 7 
21700 2048 24.38095238095238 0.9032258064516129 84 9 
21800 2142 29.34246575342466 0.8795180722891566 73 10 
21900 2927 31.815217391304348 0.968421052631579 92 3 
22000 2280 30.0 0.9047619047619048 76 8 
22100 3355 37.69662921348315 0.9368421052631579 89 6 
22200 2093 27.539473684210527 0.8941176470588236 76 9 
22300 2079 26.653846153846153 0.975 78 2 
22400 2301 29.883116883116884 0.9058823529411765 77 8 
22500 2915 34.294117647058826 0.9659090909090909 85 3 
22600 2391 32.310810810810814 0.961038961038961 74 3 
22700 2043 28.774647887323944 0.8875 71 9 
22801 1979 23.55952380952381 0.9032258064516129 84 9 
22900 2105 25.36144578313253 0.8924731182795699 83 10 
23000 3191 35.853932584269664 0.967391304347826 89 3 
23100 2690 29.23913043478261 0.92 92 8 
23200 1852 24.36842105263158 0.9620253164556962 76 3 
23300 2214 28.753246753246753 0.9058823529411765 77 8 
23400 2590 32.78481012658228 0.9518072289156626 79 4 
23501 2091 24.6 0.9139784946236559 85 8 
23600 2362 27.788235294117648 0.9042553191489362 85 9 
23700 1803 22.25925925925926 0.9310344827586207 81 6 
23800 2670 30.0 0.9270833333333334 89 7 
23900 2306 28.121951219512194 0.9425287356321839 82 5 
24000 2345 25.21505376344086 0.9489795918367347 93 5 
24100 2466 31.21518987341772 0.9404761904761905 79 5 
