2 0 0.0 0.0 0 0 
100 0 0.0 0.0 0 0 
200 0 0.0 0.0 0 0 
300 0 0.0 0.0 0 0 
400 0 0.0 0.0 0 0 
500 0 0.0 0.0 0 0 
600 0 0.0 0.0 0 0 
700 0 0.0 0.0 0 0 
800 347 34.7 1.0 10 0 
900 716 27.53846153846154 0.896551724137931 26 3 
1000 803 26.766666666666666 0.8333333333333334 30 6 
1100 1238 35.371428571428574 0.7446808510638298 35 12 
1200 1222 26.565217391304348 0.8679245283018868 46 7 
1300 1813 30.728813559322035 0.8428571428571429 59 11 
1400 1730 31.454545454545453 0.8461538461538461 55 10 
1500 2343 28.925925925925927 0.9310344827586207 81 6 
1600 2730 32.5 0.9438202247191011 84 5 
1700 2523 31.936708860759495 0.9080459770114943 79 8 
1800 2449 29.50602409638554 0.9222222222222223 83 7 
1900 1964 26.186666666666667 0.8823529411764706 75 10 
2000 2827 29.144329896907216 0.9326923076923077 97 7 
2100 2247 34.04545454545455 0.8354430379746836 66 13 
2200 2007 29.08695652173913 0.8961038961038961 69 8 
2300 1989 28.014084507042252 0.922077922077922 71 6 
2401 3204 37.25581395348837 0.8514851485148515 86 15 
2501 2489 31.91025641025641 0.8666666666666667 78 12 
2601 2660 31.666666666666668 0.865979381443299 84 13 
2700 2362 29.160493827160494 0.9 81 9 
2801 1867 23.049382716049383 0.9310344827586207 81 6 
2900 2882 32.38202247191011 0.9468085106382979 89 5 
3001 2262 26.928571428571427 0.9230769230769231 84 7 
3100 2154 27.615384615384617 0.9069767441860465 78 8 
3200 3212 29.74074074074074 0.9391304347826087 108 7 
3300 1686 21.075 0.9195402298850575 80 7 
3401 2305 26.802325581395348 0.9662921348314607 86 3 
3500 2900 33.333333333333336 0.9157894736842105 87 8 
3600 2138 24.295454545454547 0.9361702127659575 88 6 
3701 2202 33.36363636363637 0.9705882352941176 66 2 
3800 2047 24.08235294117647 0.9340659340659341 85 6 
3900 2975 35.0 0.9550561797752809 85 4 
4000 2661 32.06024096385542 0.9120879120879121 83 8 
4101 1780 25.070422535211268 0.9726027397260274 71 2 
4200 1837 27.417910447761194 0.9054054054054054 67 7 
4300 1861 24.813333333333333 0.9375 75 5 
4400 2085 28.175675675675677 0.9866666666666667 74 1 
4500 2887 32.438202247191015 0.9270833333333334 89 7 
4600 2524 32.35897435897436 0.9285714285714286 78 6 
4700 2841 35.074074074074076 0.9204545454545454 81 7 
4800 2644 28.73913043478261 0.8846153846153846 92 12 
4900 2523 32.34615384615385 0.9176470588235294 78 7 
5001 2959 35.65060240963855 0.9021739130434783 83 9 
5100 2309 28.506172839506174 0.9101123595505618 81 8 
5200 2463 27.674157303370787 0.9270833333333334 89 7 
5300 2015 24.876543209876544 0.8617021276595744 81 13 
5401 2064 29.485714285714284 0.875 70 10 
5500 3143 29.933333333333334 0.963302752293578 105 4 
5600 2285 30.466666666666665 0.8928571428571429 75 9 
5700 1725 25.36764705882353 0.8831168831168831 68 9 
5800 2627 30.905882352941177 0.9139784946236559 85 8 
5900 2495 32.4025974025974 0.9166666666666666 77 7 
6000 2332 31.093333333333334 0.8426966292134831 75 14 
6100 3106 39.31645569620253 0.9080459770114943 79 8 
6200 2169 26.77777777777778 0.9310344827586207 81 6 
6300 2987 28.17924528301887 0.9380530973451328 106 7 
6400 2204 30.19178082191781 0.9012345679012346 73 8 
6500 3224 35.04347826086956 0.9484536082474226 92 5 
6600 2378 32.57534246575342 0.948051948051948 73 4 
6700 2455 31.075949367088608 0.8494623655913979 79 14 
6801 2551 32.29113924050633 0.9518072289156626 79 4 
6900 2726 31.697674418604652 0.8958333333333334 86 10 
7000 2084 26.71794871794872 0.9285714285714286 78 6 
7100 2373 30.818181818181817 0.9166666666666666 77 7 
7200 2060 26.075949367088608 0.8777777777777778 79 11 
7300 2534 35.690140845070424 0.9102564102564102 71 7 
7400 2637 30.662790697674417 0.9662921348314607 86 3 
7500 1688 22.506666666666668 0.8928571428571429 75 9 
7600 2773 31.873563218390803 0.9354838709677419 87 6 
7701 2450 34.50704225352113 0.8765432098765432 71 10 
7800 2474 26.602150537634408 0.9029126213592233 93 10 
7900 1904 25.386666666666667 0.872093023255814 75 11 
8000 2650 29.775280898876403 0.9175257731958762 89 8 
8101 2310 31.643835616438356 0.9240506329113924 73 6 
8200 2606 30.658823529411766 0.9340659340659341 85 6 
8300 1896 31.081967213114755 0.9104477611940298 61 6 
8400 2110 31.96969696969697 0.8918918918918919 66 8 
8500 2412 32.16 0.9036144578313253 75 8 
8600 1838 27.848484848484848 0.868421052631579 66 10 
8700 2299 30.653333333333332 0.9146341463414634 75 7 
8800 2183 30.746478873239436 0.8765432098765432 71 10 
8900 2552 30.38095238095238 0.9130434782608695 84 8 
9000 1892 27.420289855072465 0.92 69 6 
9100 2097 29.957142857142856 0.8536585365853658 70 12 
9200 2172 30.591549295774648 0.9342105263157895 71 5 
9300 2663 35.03947368421053 0.926829268292683 76 6 
9400 3152 34.26086956521739 0.8846153846153846 92 12 
9500 2107 27.363636363636363 0.9058823529411765 77 8 
9600 2795 28.232323232323232 0.9166666666666666 99 9 
9700 2746 30.853932584269664 0.8640776699029126 89 14 
9801 2285 32.183098591549296 0.9466666666666667 71 4 
9900 2224 28.883116883116884 0.9390243902439024 77 5 
10000 2039 27.931506849315067 0.8902439024390244 73 9 
10100 3362 38.20454545454545 0.9361702127659575 88 6 
10200 2795 38.81944444444444 0.9230769230769231 72 6 
10300 2917 32.7752808988764 0.956989247311828 89 4 
10400 2842 31.23076923076923 0.900990099009901 91 10 
10500 2670 30.689655172413794 0.9157894736842105 87 8 
10600 1949 29.53030303030303 0.9295774647887324 66 5 
10700 1812 26.647058823529413 0.9444444444444444 68 4 
10800 2085 28.958333333333332 0.935064935064935 72 5 
10900 2977 40.229729729729726 0.9024390243902439 74 8 
11000 2192 26.095238095238095 0.9032258064516129 84 9 
11100 2415 29.451219512195124 0.8817204301075269 82 11 
11200 2700 31.764705882352942 0.9139784946236559 85 8 
11300 1925 27.5 0.9210526315789473 70 6 
11400 1894 29.138461538461538 0.9558823529411765 65 3 
11500 2491 27.98876404494382 0.89 89 11 
11600 2916 34.305882352941175 0.9239130434782609 85 7 
11700 2535 31.296296296296298 0.9 81 9 
11800 2739 36.52 0.9259259259259259 75 6 
11900 2799 31.1 0.8910891089108911 90 11 
12000 2073 29.614285714285714 0.8641975308641975 70 11 
12100 2002 28.6 0.8974358974358975 70 8 
12200 1745 25.28985507246377 0.92 69 6 
12300 2396 28.523809523809526 0.9438202247191011 84 5 
12400 2495 31.1875 0.9411764705882353 80 5 
12500 1963 23.650602409638555 0.8469387755102041 83 15 
12600 2207 26.59036144578313 0.9222222222222223 83 7 
12700 1973 25.623376623376622 0.8555555555555555 77 13 
12800 2557 34.554054054054056 0.9135802469135802 74 7 
12900 2629 32.8625 0.8888888888888888 80 10 
13000 2552 31.9 0.8247422680412371 80 17 
13101 2084 30.647058823529413 0.8717948717948718 68 10 
13200 2300 30.666666666666668 0.9493670886075949 75 4 
13300 2190 28.441558441558442 0.8953488372093024 77 9 
13400 2671 33.3875 0.9195402298850575 80 7 
13500 2343 31.24 0.9259259259259259 75 6 
13600 2745 35.19230769230769 0.8863636363636364 78 10 
13700 2040 27.56756756756757 0.961038961038961 74 3 
13800 2781 34.7625 0.8695652173913043 80 12 
13900 2422 29.180722891566266 0.8645833333333334 83 13 
14000 2178 29.04 0.9375 75 5 
14101 2668 38.666666666666664 0.92 69 6 
14200 2320 27.294117647058822 0.8947368421052632 85 10 
14300 1962 29.28358208955224 0.9054054054054054 67 7 
14401 2307 28.8375 0.898876404494382 80 9 
14500 2321 29.756410256410255 0.9285714285714286 78 6 
14600 2276 31.61111111111111 0.8674698795180723 72 11 
14700 2192 30.444444444444443 0.935064935064935 72 5 
14800 1944 24.923076923076923 0.8863636363636364 78 10 
14900 1805 27.76923076923077 0.8333333333333334 65 13 
15000 2364 29.55 0.8602150537634409 80 13 
15100 2745 30.84269662921348 0.9270833333333334 89 7 
15200 2735 37.986111111111114 0.8888888888888888 72 9 
15300 1999 29.83582089552239 0.8375 67 13 
15400 1747 26.46969696969697 0.8918918918918919 66 8 
15500 2166 29.671232876712327 0.8902439024390244 73 9 
15600 2473 31.705128205128204 0.9176470588235294 78 7 
15701 2048 25.924050632911392 0.9186046511627907 79 7 
15800 1927 26.76388888888889 0.9113924050632911 72 7 
15900 2507 33.42666666666667 0.8522727272727273 75 13 
16000 2173 25.86904761904762 0.9032258064516129 84 9 
16100 2265 29.80263157894737 0.8636363636363636 76 12 
16200 2518 34.027027027027025 0.9024390243902439 74 8 
16300 2339 32.04109589041096 0.8795180722891566 73 10 
16400 2833 32.19318181818182 0.9263157894736842 88 7 
16500 2568 29.181818181818183 0.9166666666666666 88 8 
16600 2483 30.28048780487805 0.8913043478260869 82 10 
16700 1920 28.235294117647058 0.9444444444444444 68 4 
16800 2951 31.731182795698924 0.93 93 7 
16900 2566 26.183673469387756 0.8909090909090909 98 12 
17000 2308 26.837209302325583 0.9052631578947369 86 9 
17100 2494 31.974358974358974 0.8666666666666667 78 12 
17200 1819 29.338709677419356 0.8857142857142857 62 8 
17300 2295 27.98780487804878 0.9111111111111111 82 8 
17400 1970 27.36111111111111 0.9 72 8 
17501 2002 25.666666666666668 0.9512195121951219 78 4 
17600 2501 31.658227848101266 0.8777777777777778 79 11 
17700 2352 32.666666666666664 0.8780487804878049 72 10 
17800 2009 27.90277777777778 0.9 72 8 
17900 2886 34.357142857142854 0.9333333333333333 84 6 
18000 2179 27.582278481012658 0.9294117647058824 79 6 
18100 2405 35.8955223880597 0.8933333333333333 67 8 
18200 2467 32.46052631578947 0.8444444444444444 76 14 
18300 2428 29.253012048192772 0.8137254901960784 83 19 
18401 2345 30.855263157894736 0.9156626506024096 76 7 
18500 2346 38.459016393442624 0.8970588235294118 61 7 
18600 1574 23.848484848484848 0.868421052631579 66 10 
18700 2117 28.226666666666667 0.9036144578313253 75 8 
18800 2446 31.358974358974358 0.896551724137931 78 9 
18900 1976 26.346666666666668 0.9375 75 5 
19000 2720 33.58024691358025 0.8901098901098901 81 10 
19100 3408 36.645161290322584 0.9029126213592233 93 10 
19200 2723 32.80722891566265 0.8736842105263158 83 12 
19300 1841 27.893939393939394 0.9166666666666666 66 6 
19400 2311 27.188235294117646 0.9139784946236559 85 8 
19500 2626 31.261904761904763 0.9130434782608695 84 8 
19600 2293 27.626506024096386 0.8829787234042553 83 11 
19700 2436 30.45 0.8791208791208791 80 11 
19800 2035 27.5 0.9024390243902439 74 8 
19900 1879 29.359375 0.8767123287671232 64 9 
20000 1926 26.75 0.8888888888888888 72 9 
20100 1765 29.416666666666668 0.8695652173913043 60 9 
20201 1969 27.34722222222222 0.9 72 8 
20300 2168 26.765432098765434 0.9204545454545454 81 7 
20400 2331 32.375 0.935064935064935 72 5 
20500 2129 28.77027027027027 0.9024390243902439 74 8 
20600 2695 29.615384615384617 0.9191919191919192 91 8 
20700 2535 30.178571428571427 0.8571428571428571 84 14 
20800 1988 26.506666666666668 0.9259259259259259 75 6 
20900 2314 28.567901234567902 0.8709677419354839 81 12 
21000 2505 29.127906976744185 0.9148936170212766 86 8 
21100 1731 25.455882352941178 0.9577464788732394 68 3 
21200 2188 33.15151515151515 0.9166666666666666 66 6 
21301 2920 37.922077922077925 0.8953488372093024 77 9 
21400 2373 28.59036144578313 0.9120879120879121 83 8 
21500 2817 29.96808510638298 0.9038461538461539 94 10 
21600 3199 36.35227272727273 0.8888888888888888 88 11 
21700 1964 26.186666666666667 0.9146341463414634 75 7 
21800 2707 23.74561403508772 0.890625 114 14 
21900 2299 28.7375 0.898876404494382 80 9 
22000 2667 39.220588235294116 0.918918918918919 68 6 
22100 1908 29.8125 0.9142857142857143 64 6 
22200 2286 28.936708860759495 0.8977272727272727 79 9 
22300 1977 29.073529411764707 0.7816091954022989 68 19 
22400 2193 30.041095890410958 0.9358974358974359 73 5 
22500 1853 30.37704918032787 0.8591549295774648 61 10 
22600 1998 28.140845070422536 0.922077922077922 71 6 
22700 2525 26.861702127659573 0.8952380952380953 94 11 
22800 2391 27.802325581395348 0.8686868686868687 86 13 
22900 3213 35.7 0.9090909090909091 90 9 
23000 2883 33.13793103448276 0.9157894736842105 87 8 
23100 2846 39.52777777777778 0.8372093023255814 72 14 
23200 2861 34.46987951807229 0.9540229885057471 83 4 
23300 2025 28.52112676056338 0.8875 71 9 
23400 2523 30.76829268292683 0.9010989010989011 82 9 
23500 1209 20.15 0.8955223880597015 60 7 
23601 2575 26.54639175257732 0.9238095238095239 97 8 
23700 1795 26.014492753623188 0.8625 69 11 
23800 2094 29.914285714285715 0.8974358974358975 70 8 
23900 2359 27.114942528735632 0.9157894736842105 87 8 
24000 2046 33.0 0.8732394366197183 62 9 
24100 2334 35.90769230769231 0.8441558441558441 65 12 
24200 2585 34.01315789473684 0.9156626506024096 76 7 
24300 1667 23.15277777777778 0.9230769230769231 72 6 
24400 1865 25.90277777777778 0.935064935064935 72 5 
24500 2528 33.70666666666666 0.9259259259259259 75 6 
24600 2178 32.029411764705884 0.8717948717948718 68 10 
24701 2092 32.6875 0.927536231884058 64 5 
24800 2805 31.51685393258427 0.967391304347826 89 3 
24901 2120 33.65079365079365 0.8513513513513513 63 11 
25000 2286 35.16923076923077 0.9027777777777778 65 7 
25101 1859 29.983870967741936 0.8611111111111112 62 10 
25201 2419 31.82894736842105 0.8941176470588236 76 9 
25300 2423 27.53409090909091 0.9361702127659575 88 6 
25400 2222 22.0 0.9181818181818182 101 9 
25500 2367 31.144736842105264 0.9047619047619048 76 8 
25600 1595 22.464788732394368 0.8875 71 9 
25700 2251 30.41891891891892 0.9024390243902439 74 8 
25800 1824 26.434782608695652 0.8313253012048193 69 14 
25900 2731 33.30487804878049 0.9213483146067416 82 7 
26000 2518 38.738461538461536 0.8441558441558441 65 12 
26100 2388 29.85 0.8888888888888888 80 10 
26200 2258 28.225 0.9195402298850575 80 7 
26300 1606 21.7027027027027 0.8809523809523809 74 10 
26400 2731 36.9054054054054 0.9367088607594937 74 5 
26501 2180 33.53846153846154 0.8666666666666667 65 10 
26600 2245 27.048192771084338 0.9222222222222223 83 7 
26700 2362 30.28205128205128 0.8666666666666667 78 12 
26800 1975 25.986842105263158 0.9382716049382716 76 5 
26900 2110 32.96875 0.8888888888888888 64 8 
27000 2318 34.59701492537314 0.9305555555555556 67 5 
27100 2165 30.069444444444443 0.9113924050632911 72 7 
27201 2352 31.36 0.8823529411764706 75 10 
27301 1456 23.11111111111111 0.863013698630137 63 10 
27400 2035 28.661971830985916 0.922077922077922 71 6 
27500 1948 25.973333333333333 0.8928571428571429 75 9 
27600 2423 36.71212121212121 0.9166666666666666 66 6 
27700 2200 26.50602409638554 0.9120879120879121 83 8 
27800 2562 32.025 0.9302325581395349 80 6 
27900 2121 28.28 0.9036144578313253 75 8 
28000 2041 30.924242424242426 0.8918918918918919 66 8 
28100 2058 26.727272727272727 0.8953488372093024 77 9 
28201 1721 29.16949152542373 0.9076923076923077 59 6 
28300 1924 26.356164383561644 0.948051948051948 73 4 
28400 2995 32.55434782608695 0.9108910891089109 92 9 
28500 1944 23.42168674698795 0.8924731182795699 83 10 
28600 2457 31.90909090909091 0.8953488372093024 77 9 
28700 2144 28.210526315789473 0.9382716049382716 76 5 
28801 1937 24.2125 0.9090909090909091 80 8 
28900 2436 33.36986301369863 0.948051948051948 73 4 
29000 2359 31.87837837837838 0.891566265060241 74 9 
29100 1832 29.548387096774192 0.9117647058823529 62 6 
29200 1676 23.27777777777778 0.935064935064935 72 5 
29300 2688 32.78048780487805 0.9213483146067416 82 7 
29400 2536 35.71830985915493 0.922077922077922 71 6 
29500 1822 29.868852459016395 0.8840579710144928 61 8 
29600 2079 34.08196721311475 0.9682539682539683 61 2 
29700 2599 31.695121951219512 0.9647058823529412 82 3 
29801 2084 26.379746835443036 0.9186046511627907 79 7 
29900 2306 32.478873239436616 0.8452380952380952 71 13 
30000 2084 29.35211267605634 0.9466666666666667 71 4 
