2 0 0.0 0.0 0 0 
100 0 0.0 0.0 0 0 
200 0 0.0 0.0 0 0 
300 0 0.0 0.0 0 0 
400 0 0.0 0.0 0 0 
500 0 0.0 0.0 0 0 
600 0 0.0 0.0 0 0 
700 0 0.0 0.0 0 0 
800 197 28.142857142857142 1.0 7 0 
900 481 20.041666666666668 0.9230769230769231 24 2 
1000 1137 27.071428571428573 0.875 42 6 
1101 1731 40.25581395348837 0.8269230769230769 43 9 
1200 1820 35.0 0.8813559322033898 52 7 
1300 1241 26.404255319148938 0.8103448275862069 47 11 
1400 1647 31.673076923076923 0.9811320754716981 52 1 
1500 1900 29.6875 0.8888888888888888 64 8 
1600 1705 24.014084507042252 0.922077922077922 71 6 
1700 1927 26.397260273972602 0.9012345679012346 73 8 
1800 2296 29.063291139240505 0.9294117647058824 79 6 
1900 2100 25.301204819277107 0.9880952380952381 83 1 
2000 1632 25.5 0.9411764705882353 64 4 
2100 2159 25.702380952380953 0.9655172413793104 84 3 
2200 2189 28.80263157894737 0.9743589743589743 76 2 
2300 2435 25.103092783505154 0.9797979797979798 97 2 
2400 2026 25.012345679012345 0.9759036144578314 81 2 
2500 2295 28.333333333333332 0.9310344827586207 81 6 
2600 1694 24.91176470588235 0.9444444444444444 68 4 
2700 2325 28.353658536585368 0.9647058823529412 82 3 
2800 1903 22.388235294117646 1.0 85 0 
2900 1939 20.849462365591396 1.0 93 0 
3000 2283 25.366666666666667 0.989010989010989 90 1 
3100 2067 25.20731707317073 0.9534883720930233 82 4 
3200 1702 20.75609756097561 0.9213483146067416 82 7 
3301 2625 28.532608695652176 0.968421052631579 92 3 
3400 1535 22.573529411764707 0.9577464788732394 68 3 
3500 2026 28.13888888888889 0.972972972972973 72 2 
3600 1980 23.85542168674699 0.9651162790697675 83 3 
3700 2423 26.92222222222222 0.967741935483871 90 3 
3800 2385 25.92391304347826 0.989247311827957 92 1 
3900 2152 26.9 0.9876543209876543 80 1 
4000 2155 24.770114942528735 0.9775280898876404 87 2 
4100 1528 27.285714285714285 1.0 56 0 
4200 2451 29.178571428571427 0.9767441860465116 84 2 
4300 3025 28.537735849056602 0.954954954954955 106 5 
4401 1991 25.20253164556962 0.9753086419753086 79 2 
4500 1666 20.317073170731707 0.9761904761904762 82 2 
4600 1908 24.77922077922078 0.9871794871794872 77 1 
4700 1634 22.694444444444443 0.96 72 3 
4800 1851 22.573170731707318 0.9425287356321839 82 5 
4901 1680 19.09090909090909 0.967032967032967 88 3 
5000 2263 25.144444444444446 0.967741935483871 90 3 
5100 2115 22.98913043478261 0.968421052631579 92 3 
5200 1726 22.415584415584416 0.9625 77 3 
5300 2199 27.4875 1.0 80 0 
5400 2464 23.92233009708738 0.9626168224299065 103 4 
5500 1931 23.839506172839506 0.9878048780487805 81 1 
5600 2267 22.67 0.9803921568627451 100 2 
5700 1684 23.068493150684933 0.9733333333333334 73 2 
5800 2363 28.13095238095238 0.9438202247191011 84 5 
5900 2014 26.155844155844157 0.9871794871794872 77 1 
6000 2702 28.442105263157895 0.9895833333333334 95 1 
6100 2556 28.087912087912088 0.9680851063829787 91 3 
6200 2163 26.703703703703702 0.9418604651162791 81 5 
6300 1813 23.545454545454547 0.9746835443037974 77 2 
6400 2203 24.752808988764045 0.967391304347826 89 3 
6500 2465 28.333333333333332 0.9775280898876404 87 2 
6600 1885 23.860759493670887 0.9753086419753086 79 2 
6700 2245 24.13978494623656 0.9789473684210527 93 2 
6800 1612 21.783783783783782 0.961038961038961 74 3 
6901 1649 22.283783783783782 0.9135802469135802 74 7 
7000 2661 25.34285714285714 0.9813084112149533 105 2 
7100 1594 20.435897435897434 0.9512195121951219 78 4 
7200 1714 22.85333333333333 0.9615384615384616 75 3 
7300 2314 27.223529411764705 0.9883720930232558 85 1 
7400 1731 23.71232876712329 0.9358974358974359 73 5 
7500 1339 20.28787878787879 0.9041095890410958 66 7 
7600 1739 23.82191780821918 0.9125 73 7 
7700 1649 21.986666666666668 0.974025974025974 75 2 
7800 2486 33.14666666666667 0.9615384615384616 75 3 
7900 2624 27.333333333333332 0.9795918367346939 96 2 
8001 2880 28.8 0.9900990099009901 100 1 
8100 1904 25.05263157894737 0.95 76 4 
8200 1590 18.928571428571427 0.9767441860465116 84 2 
8300 1664 19.126436781609197 0.9666666666666667 87 3 
8400 2195 26.44578313253012 0.9651162790697675 83 3 
8500 1911 22.75 0.9882352941176471 84 1 
8600 1672 19.904761904761905 0.9545454545454546 84 4 
8700 1691 23.48611111111111 0.96 72 3 
8800 2686 28.881720430107528 0.96875 93 3 
8900 1917 21.3 0.967741935483871 90 3 
9000 1989 24.555555555555557 0.9878048780487805 81 1 
9100 1455 23.095238095238095 0.9402985074626866 63 4 
9200 2074 25.925 0.963855421686747 80 3 
9300 2136 28.864864864864863 0.9487179487179487 74 4 
9400 1840 27.46268656716418 0.9436619718309859 67 4 
9500 1551 23.5 0.9428571428571428 66 4 
9600 2483 28.54022988505747 1.0 87 0 
9701 1668 23.166666666666668 0.9863013698630136 72 1 
9800 2060 20.6 0.9900990099009901 100 1 
9900 1805 22.5625 0.975609756097561 80 2 
10001 2318 30.103896103896105 0.9506172839506173 77 4 
10100 1471 17.9390243902439 0.9647058823529412 82 3 
10200 2032 25.72151898734177 0.9404761904761905 79 5 
10300 1814 22.962025316455698 0.9518072289156626 79 4 
10400 2777 27.495049504950494 0.9711538461538461 101 3 
10500 1869 21.482758620689655 0.9886363636363636 87 1 
10601 1832 21.55294117647059 0.9550561797752809 85 4 
10700 1974 25.973684210526315 0.9743589743589743 76 2 
10800 2509 27.27173913043478 1.0 92 0 
10900 2446 24.46 0.9900990099009901 100 1 
11000 1965 26.554054054054053 0.961038961038961 74 3 
11100 2071 21.8 0.9693877551020408 95 3 
11201 2765 26.333333333333332 0.9722222222222222 105 3 
11300 2528 26.610526315789475 0.9895833333333334 95 1 
11401 2093 27.906666666666666 0.9493670886075949 75 4 
11500 2284 23.54639175257732 0.9897959183673469 97 1 
11600 2070 28.356164383561644 0.9733333333333334 73 2 
11700 1722 23.589041095890412 0.9240506329113924 73 6 
11800 1984 23.341176470588234 0.9770114942528736 85 2 
11900 2506 33.413333333333334 0.974025974025974 75 2 
12000 1915 21.51685393258427 0.978021978021978 89 2 
12100 1819 24.91780821917808 0.9605263157894737 73 3 
12200 1583 24.734375 1.0 64 0 
12300 2049 23.28409090909091 0.9166666666666666 88 8 
12400 1727 20.31764705882353 0.9883720930232558 85 1 
12500 1883 22.152941176470588 0.9659090909090909 85 3 
12600 2119 24.35632183908046 0.9775280898876404 87 2 
12700 2333 24.819148936170212 0.94 94 6 
12800 2262 29.376623376623378 0.9871794871794872 77 1 
12900 2227 24.47252747252747 0.9479166666666666 91 5 
13000 2001 24.402439024390244 0.9879518072289156 82 1 
13100 1902 26.054794520547944 0.9605263157894737 73 3 
13200 2177 25.313953488372093 0.9772727272727273 86 2 
13300 2836 30.82608695652174 0.968421052631579 92 3 
13401 1577 20.21794871794872 0.9285714285714286 78 6 
13500 2072 24.376470588235293 0.9883720930232558 85 1 
13600 1812 22.65 0.963855421686747 80 3 
13701 1892 24.571428571428573 0.9871794871794872 77 1 
13800 2491 29.305882352941175 0.9659090909090909 85 3 
13901 2149 26.8625 0.9411764705882353 80 5 
14001 1942 25.22077922077922 0.9390243902439024 77 5 
14100 2011 25.1375 0.975609756097561 80 2 
14200 2019 26.92 0.974025974025974 75 2 
14300 2255 23.010204081632654 0.9607843137254902 98 4 
14400 1762 22.025 0.975609756097561 80 2 
14500 2562 27.548387096774192 0.9789473684210527 93 2 
14600 2204 27.55 0.975609756097561 80 2 
14700 2017 22.164835164835164 0.9191919191919192 91 8 
14800 1887 24.82894736842105 0.9743589743589743 76 2 
14900 2494 28.02247191011236 0.9888888888888889 89 1 
15000 2756 32.04651162790697 0.9885057471264368 86 1 
15100 2511 28.862068965517242 0.9456521739130435 87 5 
15200 2279 26.5 0.945054945054945 86 5 
15300 2011 24.524390243902438 0.9318181818181818 82 6 
15401 1521 19.253164556962027 0.9634146341463414 79 3 
15500 2227 25.597701149425287 0.9775280898876404 87 2 
15600 2363 27.476744186046513 0.9662921348314607 86 3 
15700 1949 24.987179487179485 1.0 78 0 
15800 1534 19.417721518987342 0.9753086419753086 79 2 
15900 1921 23.71604938271605 0.9204545454545454 81 7 
16000 2003 23.022988505747126 0.9886363636363636 87 1 
16100 1975 23.795180722891565 0.9431818181818182 83 5 
16200 2204 22.958333333333332 0.9896907216494846 96 1 
16300 2064 20.435643564356436 0.9805825242718447 101 2 
16400 2401 28.583333333333332 0.9767441860465116 84 2 
16500 1992 20.75 0.9896907216494846 96 1 
16600 2246 26.423529411764704 0.9883720930232558 85 1 
16701 1959 24.185185185185187 0.9759036144578314 81 2 
16801 2191 24.076923076923077 0.9680851063829787 91 3 
16900 2110 25.73170731707317 0.9534883720930233 82 4 
17000 1951 23.50602409638554 0.9764705882352941 83 2 
17100 2264 25.727272727272727 0.9565217391304348 88 4 
17200 1818 31.344827586206897 0.9206349206349206 58 5 
17300 1991 25.857142857142858 0.9746835443037974 77 2 
17400 1963 23.9390243902439 0.9647058823529412 82 3 
17500 2324 23.474747474747474 0.9801980198019802 99 2 
17600 1931 26.45205479452055 0.9605263157894737 73 3 
17700 2243 27.02409638554217 0.9651162790697675 83 3 
17801 1952 23.804878048780488 0.9647058823529412 82 3 
17900 2353 25.03191489361702 0.9690721649484536 94 3 
18000 1575 20.454545454545453 1.0 77 0 
18100 1960 25.789473684210527 0.9620253164556962 76 3 
18201 1835 22.9375 0.9876543209876543 80 1 
18300 2320 26.666666666666668 0.9775280898876404 87 2 
18400 1742 22.92105263157895 0.9620253164556962 76 3 
18500 1856 23.794871794871796 0.9512195121951219 78 4 
18600 2214 25.15909090909091 0.9887640449438202 88 1 
18700 1722 23.589041095890412 0.9605263157894737 73 3 
18800 2006 25.71794871794872 1.0 78 0 
18900 2885 29.43877551020408 0.98 98 2 
19000 1934 22.75294117647059 1.0 85 0 
19100 2167 22.34020618556701 0.9603960396039604 97 4 
19200 2023 24.083333333333332 0.9655172413793104 84 3 
19300 2108 28.486486486486488 0.9487179487179487 74 4 
19400 2113 28.945205479452056 0.948051948051948 73 4 
19500 1962 27.25 1.0 72 0 
19600 2073 22.532608695652176 0.989247311827957 92 1 
19701 2143 24.632183908045977 0.9666666666666667 87 3 
19800 2691 24.68807339449541 0.9819819819819819 109 2 
19900 2227 24.744444444444444 1.0 90 0 
20000 2372 26.065934065934066 0.9680851063829787 91 3 
20100 2119 23.544444444444444 0.9782608695652174 90 2 
20200 1785 22.59493670886076 0.9634146341463414 79 3 
20300 1911 25.824324324324323 0.9736842105263158 74 2 
20400 1871 23.098765432098766 0.9529411764705882 81 4 
20500 2195 28.141025641025642 0.9629629629629629 78 3 
20600 1788 20.790697674418606 0.9662921348314607 86 3 
20700 2063 19.64761904761905 0.963302752293578 105 4 
20800 1914 21.266666666666666 0.9574468085106383 90 4 
20901 1833 23.20253164556962 0.9875 79 1 
21000 2067 27.56 0.9615384615384616 75 3 
21100 1987 20.91578947368421 1.0 95 0 
21200 2883 30.347368421052632 0.9895833333333334 95 1 
21300 1772 22.15 0.9523809523809523 80 4 
21400 2577 28.633333333333333 0.989010989010989 90 1 
21500 2118 25.214285714285715 0.9767441860465116 84 2 
21600 2116 25.49397590361446 0.9540229885057471 83 4 
21701 2705 27.05 0.9900990099009901 100 1 
21800 1955 23.841463414634145 0.9761904761904762 82 2 
21900 2337 25.681318681318682 0.978494623655914 91 2 
22000 2161 24.839080459770116 0.9775280898876404 87 2 
22100 2206 23.72043010752688 0.9893617021276596 93 1 
22200 2190 25.17241379310345 0.9456521739130435 87 5 
22300 1876 24.68421052631579 0.9382716049382716 76 5 
22400 2361 27.453488372093023 0.9662921348314607 86 3 
22500 2265 24.619565217391305 0.9787234042553191 92 2 
22600 2337 24.861702127659573 0.9494949494949495 94 5 
22700 2101 25.313253012048193 0.9651162790697675 83 3 
22800 1567 21.465753424657535 0.9864864864864865 73 1 
22900 2129 25.345238095238095 0.9767441860465116 84 2 
23000 1686 21.615384615384617 0.9629629629629629 78 3 
23100 2610 27.76595744680851 0.9791666666666666 94 2 
23200 2440 28.04597701149425 0.9560439560439561 87 4 
23300 2524 28.044444444444444 0.9183673469387755 90 8 
23400 2360 26.22222222222222 0.9574468085106383 90 4 
23500 2347 28.621951219512194 0.9761904761904762 82 2 
23600 2426 26.955555555555556 0.9782608695652174 90 2 
23700 2189 21.46078431372549 0.9532710280373832 102 5 
23801 2149 24.988372093023255 0.9885057471264368 86 1 
23900 2292 24.126315789473683 0.9405940594059405 95 6 
24000 2344 26.337078651685392 0.967391304347826 89 3 
24100 1936 25.813333333333333 0.9615384615384616 75 3 
24201 2156 23.182795698924732 1.0 93 0 
24300 1795 25.281690140845072 0.9594594594594594 71 3 
24400 2252 24.47826086956522 0.989247311827957 92 1 
24500 1929 24.417721518987342 0.9404761904761905 79 5 
24600 1662 21.037974683544302 0.9404761904761905 79 5 
24700 2198 23.634408602150536 0.9587628865979382 93 4 
24800 1700 22.07792207792208 0.927710843373494 77 6 
24900 2045 21.302083333333332 0.9795918367346939 96 2 
25000 2011 24.228915662650603 0.9540229885057471 83 4 
25100 2377 24.255102040816325 0.9607843137254902 98 4 
25200 2233 22.10891089108911 0.9901960784313726 101 1 
25300 1652 19.666666666666668 0.9655172413793104 84 3 
25400 1482 18.525 0.9876543209876543 80 1 
25500 2135 24.54022988505747 0.9886363636363636 87 1 
25600 2023 22.730337078651687 0.967391304347826 89 3 
25700 1799 24.31081081081081 0.9487179487179487 74 4 
25800 2169 26.132530120481928 0.9880952380952381 83 1 
25900 2237 26.31764705882353 0.9659090909090909 85 3 
26000 2017 24.301204819277107 0.9651162790697675 83 3 
26100 1943 25.233766233766232 0.9871794871794872 77 1 
26200 2903 31.21505376344086 0.96875 93 3 
26300 2108 23.42222222222222 0.9574468085106383 90 4 
26401 2410 27.078651685393258 0.956989247311828 89 4 
26500 1823 24.972602739726028 0.9358974358974359 73 5 
26600 1649 23.225352112676056 0.9466666666666667 71 4 
26700 1743 21.25609756097561 0.9534883720930233 82 4 
26801 2079 29.7 0.9722222222222222 70 2 
26900 1666 21.636363636363637 0.9166666666666666 77 7 
27000 1974 24.9873417721519 0.9753086419753086 79 2 
27100 2535 28.48314606741573 0.967391304347826 89 3 
27200 2311 30.01298701298701 0.9625 77 3 
27300 1642 21.05128205128205 0.9512195121951219 78 4 
27400 2149 24.146067415730336 0.978021978021978 89 2 
27500 1972 22.15730337078652 0.978021978021978 89 2 
27600 2218 23.595744680851062 0.9690721649484536 94 3 
27700 2041 27.958904109589042 0.9125 73 7 
27800 2185 24.829545454545453 0.9777777777777777 88 2 
27900 2110 26.375 0.9523809523809523 80 4 
28000 2359 29.4875 0.9411764705882353 80 5 
28100 1457 21.426470588235293 0.9577464788732394 68 3 
28200 1617 19.962962962962962 0.9759036144578314 81 2 
28300 1920 26.301369863013697 0.9864864864864865 73 1 
28400 2160 27.692307692307693 1.0 78 0 
28501 2269 22.465346534653467 0.9805825242718447 101 2 
28600 2357 25.074468085106382 0.9894736842105263 94 1 
28700 1856 25.08108108108108 0.925 74 6 
28800 1323 19.455882352941178 0.9577464788732394 68 3 
28900 1426 18.763157894736842 0.9620253164556962 76 3 
29000 2431 26.13978494623656 0.9893617021276596 93 1 
29100 2649 31.535714285714285 0.9767441860465116 84 2 
29200 2459 27.021978021978022 0.978494623655914 91 2 
29300 2048 26.5974025974026 0.9625 77 3 
29400 2104 27.324675324675326 0.9506172839506173 77 4 
29500 2581 27.45744680851064 0.9690721649484536 94 3 
29600 2317 25.744444444444444 0.9574468085106383 90 4 
29700 1694 22.289473684210527 0.9743589743589743 76 2 
29800 1435 17.9375 0.963855421686747 80 3 
29900 2494 27.711111111111112 0.9574468085106383 90 4 
30001 1884 22.975609756097562 0.9879518072289156 82 1 
