1 0 0.000000 0.000000 0 0
100 0 0.000000 0.000000 0 0
200 0 0.000000 0.000000 0 0
300 0 0.000000 0.000000 0 0
400 0 0.000000 0.000000 0 0
500 0 0.000000 0.000000 0 0
600 0 0.000000 0.000000 0 0
700 13 6.500000 0.400000 0 0
800 221 16.457907 0.960390 13 0
900 486 24.814375 0.853827 20 3
1000 785 23.192181 0.907004 33 3
1100 1113 24.291157 0.903421 45 4
1200 1295 24.292986 0.901529 53 5
1300 1405 25.785578 0.913101 55 5
1400 1679 25.517853 0.947114 65 3
1500 1665 22.100384 0.972104 75 2
1600 2039 23.679205 0.959319 85 3
1700 2033 24.792324 0.929317 82 6
1800 2009 24.708416 0.936123 80 5
1900 1867 24.702522 0.936386 75 5
2000 2168 25.739574 0.947941 83 4
2100 2312 25.918066 0.949879 89 4
2200 2059 24.295597 0.960639 84 3
2300 2021 25.199556 0.954462 80 3
2400 1987 23.542215 0.971580 85 2
2500 2081 24.199055 0.966067 86 3
2600 2002 22.835918 0.979173 88 1
2700 1926 22.116280 0.963795 87 3
2800 2057 23.828024 0.970985 86 2
2900 1779 21.151194 0.977554 84 2
3000 1898 22.330420 0.965065 84 3
3100 1913 22.284023 0.957060 85 3
3200 1937 22.332703 0.967551 86 3
3300 1895 23.048950 0.960732 82 3
3403 2260 25.014702 0.960826 90 3
3500 2007 24.080124 0.959129 83 3
3600 2031 24.381792 0.960268 84 3
3700 2021 23.157284 0.969134 87 2
3800 2011 22.685116 0.964875 88 3
3900 1979 22.482466 0.967400 87 2
4000 2089 23.254498 0.982111 89 1
4100 2086 23.963881 0.962847 86 3
4200 1861 21.783852 0.972042 85 2
4300 1903 21.537291 0.975537 88 2
4400 1835 21.431774 0.984805 85 1
4500 1687 19.825434 0.971157 84 2
4600 1807 21.975794 0.982276 81 1
4700 1889 21.655800 0.972496 86 2
4800 1955 23.119949 0.982257 84 1
4900 1811 20.623905 0.976996 87 2
5000 1798 21.287188 0.973658 84 2
5100 1772 19.949436 0.978123 88 2
5200 1868 22.322216 0.972289 83 2
5300 1724 21.121176 0.971608 82 2
5400 1719 20.848553 0.978205 83 1
5500 2063 22.843281 0.978544 90 2
5600 1999 22.146646 0.971879 90 2
5700 1844 20.801945 0.977339 88 2
5800 1923 22.399534 0.975502 85 2
5900 1771 21.022800 0.980041 84 1
6000 1799 20.258785 0.977464 88 2
6100 1695 19.426987 0.976432 87 2
6200 1915 22.420256 0.977339 85 2
6300 1784 20.508144 0.975353 87 2
6400 2035 21.566910 0.975615 95 2
6500 1899 21.498211 0.983426 88 1
6600 1740 19.730005 0.982556 88 1
6700 1884 21.414049 0.980314 88 1
6800 1793 21.766382 0.983536 82 1
6900 1743 20.063309 0.984518 86 1
7000 1648 19.802944 0.982086 83 1
7100 1748 20.994738 0.982566 83 1
7200 1915 21.897924 0.981640 87 1
7300 1740 20.659334 0.980608 84 1
7400 1876 20.544851 0.983117 91 1
7500 1737 20.382479 0.987873 85 1
7600 1817 20.431156 0.981288 89 1
7700 1877 21.503727 0.980546 86 1
7800 1959 22.270384 0.979964 88 1
7900 1517 18.862757 0.964053 81 3
8000 1787 20.890881 0.973457 85 2
8100 1741 20.474794 0.963024 84 3
8200 1909 21.098684 0.978936 90 2
8300 1676 20.474131 0.976954 81 2
8400 1825 21.127903 0.976586 86 2
8500 1790 21.641722 0.975626 82 2
8600 1863 21.806204 0.982623 85 1
8700 1715 20.306858 0.981809 84 1
8800 1763 21.388288 0.976194 82 2
8900 1709 19.295282 0.985827 88 1
9000 1687 20.295086 0.972048 82 2
9100 1773 20.466427 0.975744 86 2
9200 1753 20.889278 0.985186 84 1
9300 1688 19.692745 0.975447 86 2
9400 1792 20.133471 0.982918 89 1
9500 1720 20.747959 0.975675 82 2
9600 1760 20.052887 0.983750 87 1
9700 1966 20.737148 0.982435 95 1
9800 1831 20.132713 0.988111 90 1
9900 1766 19.133068 0.982810 92 1
10000 1763 20.081913 0.985064 88 1
10100 1757 19.797575 0.984749 88 1
10200 1982 21.844154 0.984287 91 1
10300 1944 22.095835 0.979533 88 1
10400 1733 18.898500 0.980424 91 1
10500 1678 19.200598 0.977428 87 2
10600 1949 21.939411 0.981992 88 1
10700 1844 21.236988 0.984963 87 1
10800 1825 20.975445 0.981809 87 1
10900 1851 20.884394 0.987696 88 1
11000 1731 20.315113 0.982591 85 1
11100 1853 20.688646 0.982299 89 1
11200 1915 21.288498 0.979044 90 2
11300 1864 20.624407 0.984198 89 1
11400 1693 19.708492 0.982542 86 1
11500 1812 20.662727 0.976420 87 2
11600 1831 21.077587 0.986582 87 1
11700 1767 21.020010 0.979125 84 1
11800 2040 21.569263 0.989796 94 1
11900 1960 22.125561 0.978498 88 1
12000 1838 21.474659 0.980221 86 1
12100 1803 21.253477 0.985801 85 1
12200 1853 21.143970 0.981079 88 1
12300 1766 20.172878 0.980723 87 1
12400 1854 20.881292 0.984946 89 1
12500 1832 20.547688 0.983069 89 1
12600 1928 22.583012 0.979925 85 1
12700 1744 20.039028 0.980236 86 1
12800 1733 19.978788 0.985330 87 1
12900 1885 21.622427 0.975720 87 2
13000 1884 20.972439 0.983642 89 1
13100 1732 20.587780 0.990151 84 0
13200 1721 19.083542 0.988535 90 1
13300 1770 20.761675 0.982760 85 1
13400 1908 21.275906 0.976879 90 2
13500 1758 19.597780 0.981626 89 1
13600 1815 22.038647 0.980064 83 1
13700 1738 20.178070 0.991810 86 0
13800 1891 21.969412 0.972203 87 2
13900 1762 20.375593 0.978154 86 1
14000 1803 20.671616 0.980446 87 1
14100 1779 19.593527 0.973862 90 2
14200 1747 21.177525 0.983444 82 1
14300 1757 20.118227 0.980158 87 1
14400 1594 20.113384 0.988166 79 0
14500 1633 19.068090 0.980414 85 1
14600 1770 19.632385 0.970150 90 2
14700 1643 20.556929 0.987622 80 1
14800 1778 21.484055 0.980086 82 1
14900 1755 20.849804 0.984900 84 1
15000 1761 20.785133 0.983150 84 1
15100 1853 22.452484 0.987176 82 1
15200 1573 19.087368 0.978679 82 1
15300 1757 21.483364 0.970459 82 2
15400 1737 20.534655 0.981801 85 1
15500 1630 19.098286 0.983031 85 1
15600 1888 22.118130 0.981447 86 1
15700 1915 21.049826 0.980243 91 1
15800 1764 20.693258 0.982967 85 1
15900 1940 20.781723 0.983595 93 1
16000 1873 20.790630 0.985718 90 1
16100 1939 22.325481 0.979627 87 1
16200 1748 20.667751 0.977669 84 1
16300 1660 19.932041 0.988167 83 1
16400 1986 21.844967 0.981334 90 1
16500 1998 21.869862 0.976288 90 2
16600 1828 21.272781 0.975951 86 2
16700 1810 20.886560 0.985132 86 1
16800 1737 20.224834 0.984649 85 1
16900 1774 20.979084 0.976919 84 2
17000 1847 20.859209 0.985935 88 1
17100 1899 22.144693 0.984770 86 1
17200 1917 20.857380 0.979980 91 1
17300 1914 21.428274 0.983292 89 1
17400 1936 21.901546 0.976384 88 2
17500 1988 20.829309 0.986398 95 1
17600 1968 21.346415 0.984069 92 1
17700 1811 20.535883 0.992666 88 0
17800 1770 20.222849 0.990891 87 0
17900 1690 19.665819 0.982411 86 1
18000 1742 19.892302 0.975346 88 2
18100 1787 20.093676 0.985231 88 1
18200 1829 20.761017 0.975385 87 2
18300 1688 20.981709 0.980602 80 1
18400 1826 21.062006 0.985812 86 1
18500 1778 20.446016 0.987326 87 1
18600 1851 21.071722 0.979013 87 1
18700 1787 20.781406 0.987290 86 1
18800 2012 22.925365 0.983445 87 1
18900 1807 20.793438 0.974743 86 2
19000 1871 20.675364 0.977904 90 2
19100 1885 21.177530 0.984282 88 1
19200 1910 21.031593 0.984123 91 1
19300 1892 21.370949 0.982897 88 1
19400 1887 21.459501 0.988190 88 1
19500 2045 22.356487 0.983087 91 1
19600 1814 21.645992 0.973903 84 2
19700 1720 20.175489 0.983280 85 1
19800 1658 19.471598 0.985144 84 1
19900 1837 21.239714 0.979940 86 1
20000 1936 21.387791 0.983710 91 1
20100 1738 20.491169 0.982041 85 1
20200 1864 20.995502 0.982934 89 1
20300 1836 20.592789 0.982045 89 1
20400 1863 20.349934 0.983850 91 1
20500 1834 21.752268 0.977440 84 1
20600 1940 21.647575 0.977239 89 2
20700 1819 20.582390 0.983560 88 1
20800 1821 20.272099 0.975693 90 2
20900 1868 21.756937 0.970999 85 2
21000 1740 20.739101 0.984946 83 1
21100 1866 20.372334 0.985072 91 1
21200 1818 20.255686 0.987978 89 1
21300 1825 20.624603 0.983041 88 1
21400 1917 21.685337 0.978599 88 1
21500 1904 21.711914 0.990955 87 0
21600 1887 21.643620 0.979256 87 1
21700 1785 20.448551 0.982428 86 1
21800 1721 20.690655 0.981659 83 1
21900 1740 20.024651 0.982443 87 1
22000 1773 19.619305 0.981832 90 1
22100 1826 20.264442 0.982046 90 1
22200 1757 19.865997 0.986501 88 1
22300 1795 19.765007 0.980859 90 1
22400 1818 20.622488 0.976914 88 2
22500 1703 19.292830 0.976980 88 2
22600 1941 20.813345 0.983779 93 1
22700 1806 21.045166 0.984701 86 1
22800 1721 20.320032 0.981647 85 1
22900 2048 21.765274 0.982570 94 1
23000 1856 21.134678 0.981547 87 1
23100 1723 18.968361 0.980521 90 1
23200 1734 20.477949 0.979206 84 1
23300 1923 21.401615 0.981647 90 1
23400 1957 21.208582 0.978689 91 2
23500 1788 20.492161 0.979906 87 1
23600 1586 19.369158 0.985078 82 1
23700 1803 21.211109 0.981285 85 1
23800 1877 20.732508 0.983888 90 1
23900 1831 20.978809 0.982102 88 1
24000 1971 21.607224 0.990760 91 0
24100 1837 20.305515 0.980594 90 1
24200 1820 20.275936 0.980366 89 1
24300 1831 19.765079 0.982027 92 1
24390 1893 20.962532 0.991615 90 0
